4 0.5 0.5906072106261859 0.7561229807191245 0.6992409867172675
3 0.10838978634705576 0.2215370018975332 0.07087024491922876 0.12428842504743833
3 0.5007816571130798 0.2030360531309298 0.05211047420531527 0.09867172675521822
3 0.8908285565398645 0.9421252371916509 0.0672225117248567 0.11385199240986717
3 0.49843668577384054 0.9539848197343453 0.0672225117248567 0.09013282732447818
3 0.8918707660239709 0.22343453510436434 0.06305367378843148 0.12618595825426945
3 0.10812923397602918 0.9463946869070209 0.06618030224075039 0.10531309297912714
6 0.3095362167795727 0.5849146110056926 0.03647733194372069 0.055977229601518026
0 0.7305888483585201 0.6086337760910816 0.023970818134445022 0.04269449715370019
0 0.7305888483585201 0.5645161290322581 0.022928608650338717 0.04174573055028463
5 0.953882230328296 0.07020872865275142 0.09015112037519542 0.14041745730550284
1 0.9619593538301199 0.5863377609108159 0.04377279833246483 0.5540796963946869
0 0.6904637832204273 0.6091081593927894 0.023970818134445022 0.04364326375711575
0 0.7511724856696196 0.5849146110056926 0.022407503908285567 0.04459203036053131
0 0.689421573736321 0.5645161290322581 0.023970818134445022 0.04174573055028463
0 0.7105263157894737 0.5849146110056926 0.022407503908285567 0.04269449715370019
2 0.5321208963001564 0.5871537001897533 0.4483011985409067 0.024392789373814044
0 0.7112141740489838 0.627011385199241 0.02263678999478895 0.04155597722960151
0 0.7109327774882751 0.5406261859582543 0.02357998957790516 0.04464895635673625
0 0.6716935904116728 0.5851043643263758 0.023960396039603957 0.05323529411764706