4 0.4995153725898906 0.5833713200379866 0.7533663366336634 0.6918993352326687
3 0.890343929129755 0.21706552706552706 0.05657634184471078 0.1085375118708452
3 0.5 0.19921177587844255 0.040771235018238663 0.0743019943019943
3 0.11029181865554977 0.2142355175688509 0.052522146951537264 0.09393162393162392
3 0.11083897863470557 0.9476923076923076 0.05145388223032829 0.0917094017094017
3 0.49914538822303284 0.9619468186134852 0.04689942678478374 0.07610636277302944
3 0.8895987493486192 0.951025641025641 0.05211047420531527 0.09768281101614434
6 0.5028608650338718 0.5874358974358975 0.026055237102657634 0.04884140550807217
0 0.39236581552892136 0.5884805318138651 0.024564877540385617 0.0501994301994302
0 0.4116206357477853 0.5117663817663818 0.025039082855653986 0.04632478632478632
0 0.5763470557582074 0.41275403608736944 0.024382490880667015 0.04596391263057929
0 0.7787597707139136 0.735792972459639 0.02829077644606566 0.05833808167141501
5 0.9562272016675352 0.06376068376068376 0.06923397602918187 0.11667616334283001
0 0.16417404898384577 0.26754036087369426 0.03647733194372069 0.052905982905982904
2 0.0992079207920792 0.9532573599240266 0.02829077644606566 0.04612535612535613
0 0.6223501823866597 0.4432288698955366 0.023866597186034393 0.04469135802469136
1 0.9618082334549245 0.588119658119658 0.0401980198019802 0.5521652421652421
0 0.36401250651380923 0.31033238366571697 0.02279833246482543 0.04398860398860399
0 0.2084940072954664 0.26539411206077873 0.023955184992183427 0.045802469135802465
0 0.7622094841063054 0.26451092117758784 0.023694632621156852 0.043105413105413104
0 0.8603491401771756 0.4262393162393162 0.0244293903074518 0.04596391263057929
2 0.5047269411151641 0.5955773979107313 0.10049869723814486 0.96459069325736 0.0967764460656592 0.9455973409306743 0.49877175612298075 0.5779401709401709