4 0.4986972381448671 0.584045584045584 0.7576862949452841 0.6951566951566952
3 0.10838978634705576 0.22269705603038936 0.08025013027618551 0.14150047483380818
3 0.49973944762897343 0.20655270655270655 0.07191245440333507 0.10731244064577398
5 0.9614382490880667 0.06552706552706553 0.0760812923397603 0.1291547958214625
3 0.8908285565398645 0.21652421652421652 0.0672225117248567 0.13105413105413105
3 0.4992183428869203 0.9648622981956315 0.04585721730067743 0.06837606837606838
1 0.9622199062011464 0.5830959164292497 0.03908285565398645 0.5451092117758785
0 0.7391870766023971 0.825735992402659 0.026576341844710787 0.05413105413105413
0 0.45883272537780095 0.4700854700854701 0.03178738926524231 0.055080721747388414
0 0.39551849921834287 0.704653371320038 0.03230849400729546 0.05128205128205128
0 0.30354351224596143 0.2630579297245964 0.03491401771756123 0.06837606837606838
0 0.1839499739447629 0.49382716049382713 0.03751954142782699 0.06837606837606838
3 0.10865033871808233 0.9515669515669516 0.05263157894736842 0.09306742640075974
6 0.8017196456487754 0.7825261158594492 0.024491922876498175 0.05128205128205128
0 0.40020844189682125 0.5280151946818613 0.031266284523189164 0.05318138651471985
0 0.8572173006774362 0.6196581196581197 0.026055237102657634 0.05413105413105413
3 0.8918707660239709 0.9510921177587844 0.053673788431474724 0.09401709401709402
0 0.3543512245961438 0.8817663817663818 0.02709744658676394 0.050332383665717
2 0.8023923918707659 0.7899610636277302 0.6432496091714435 0.8021301044634378 0.6426930693069307 0.7798205128205128 0.74507868681605 0.771707502374169 0.7445221469515373 0.7321585944919278 0.7562073996873372 0.7362155745489078 0.7573204794163627 0.775764482431149 0.800166753517457 0.7696799620132954