4 0.4919311457772996 0.5838477366255144 0.671866594943518 0.6491769547325102
3 0.14577729962345348 0.9223251028806584 0.06993006993006994 0.12242798353909465
3 0.1471221086605702 0.23919753086419754 0.06078536847767617 0.11625514403292181
3 0.8364712210866057 0.9223251028806584 0.0656266810112964 0.1286008230452675
3 0.49381387842926305 0.9295267489711934 0.062399139322216246 0.11008230452674897
3 0.8375470683162991 0.23765432098765432 0.05917159763313609 0.11522633744855967
3 0.4919311457772996 0.2309670781893004 0.055406132329209254 0.09979423868312758
5 0.9647660032275417 0.09876543209876543 0.06724045185583648 0.12757201646090535
0 0.3464228079612695 0.8569958847736625 0.03335126412049489 0.05761316872427984
0 0.2240451855836471 0.8590534979423868 0.0328133405056482 0.04938271604938271
6 0.19661108122646584 0.7911522633744856 0.027434104357181282 0.043209876543209874
0 0.34158149542764926 0.6712962962962963 0.02689618074233459 0.046296296296296294
0 0.33916083916083917 0.6085390946502057 0.029585798816568046 0.050411522633744855
0 0.6573426573426573 0.37911522633744854 0.025820333512641205 0.05452674897119342
0 0.2738031199569661 0.7366255144032922 0.025820333512641205 0.04526748971193416
0 0.16729424421732114 0.3837448559670782 0.03442711135018827 0.051440329218107