4 0.49973944762897343 0.5891840607210627 0.7597707139134966 0.6963946869070209
3 0.8903074517978113 0.9388045540796964 0.0672225117248567 0.1204933586337761
3 0.10812923397602918 0.948292220113852 0.060969254820218866 0.1015180265654649
3 0.10760812923397603 0.22058823529411764 0.06305367378843148 0.11669829222011385
3 0.5005211047420531 0.19971537001897532 0.05054715997915581 0.09392789373814042
3 0.8918707660239709 0.22343453510436434 0.06513809275664409 0.11859582542694497
0 0.6459093277748827 0.6522770398481973 0.03699843668577384 0.061669829222011384
0 0.49088066701406985 0.650853889943074 0.03647733194372069 0.056925996204933584
3 0.49947889525794686 0.9539848197343453 0.05680041688379364 0.09013282732447818
0 0.37415320479416364 0.32637571157495254 0.031266284523189164 0.04743833017077799
0 0.7467430953621678 0.8434535104364327 0.031266284523189164 0.04933586337760911
0 0.3389786347055758 0.6997153700189753 0.03178738926524231 0.055977229601518026
5 0.9585721730067743 0.06878557874762808 0.08077123501823867 0.13377609108159394