0 0.49095362167795725 0.2509876543209877 0.02307972902553413 0.04070275403608737
4 0.5013757165190204 0.584045584045584 0.758577384054195 0.6932573599240266
0 0.5724700364773319 0.27947768281101615 0.025310057321521626 0.043409306742640076
3 0.10831683168316833 0.2184235517568851 0.05285565398645128 0.1031054131054131
0 0.6926993225638353 0.38189933523266856 0.024564877540385617 0.042060778727445396
6 0.46043251693590415 0.5725166191832859 0.024564877540385617 0.04884140550807217
3 0.8915997915581032 0.21612535612535613 0.05233976029181865 0.0971604938271605
3 0.10876498176133403 0.9512535612535612 0.05242834809796769 0.09020892687559354
3 0.49951016154247 0.201994301994302 0.04001042209484106 0.07486229819563153
0 0.27563314226159463 0.7087654320987655 0.02447628973423658 0.04554605887939221
0 0.43676915059927046 0.7933048433048433 0.024564877540385617 0.04527065527065527
0 0.24804585721730069 0.8440265906932574 0.024278269932256385 0.0456315289648623
0 0.27075039082855656 0.834235517568851 0.025221469515372588 0.048024691358024695
3 0.4984002084418968 0.967369420702754 0.04987493486190724 0.06525166191832858
3 0.8940646169880146 0.9530579297245965 0.05806670140698281 0.09360873694207027
0 0.1942991141219385 0.6043969610636277 0.025310057321521626 0.04748338081671415
0 0.4637832204273059 0.4721177587844254 0.025310057321521626 0.04612535612535613
0 0.5173840541948932 0.4049667616334283 0.025310057321521626 0.052905982905982904
0 0.5464147993746743 0.43548907882241217 0.025310057321521626 0.04070275403608737
0 0.8486555497655028 0.28897435897435897 0.02381969775924961 0.04612535612535613
5 0.9599478895257947 0.06444444444444444 0.060297029702970295 0.10988603988603989