4 0.5 0.5906072106261859 0.7602918186555497 0.6992409867172675
3 0.8903074517978113 0.9388045540796964 0.0672225117248567 0.1204933586337761
3 0.8913496612819176 0.22343453510436434 0.0672225117248567 0.12618595825426945
3 0.10891089108910891 0.2215370018975332 0.07191245440333507 0.12618595825426945
3 0.10917144346013549 0.9430740037950665 0.06930693069306931 0.11195445920303605
3 0.49843668577384054 0.9558823529411765 0.07034914017717561 0.08633776091081594
3 0.501823866597186 0.2054079696394687 0.05419489317352788 0.09962049335863378
0 0.8488796248045857 0.3719165085388994 0.028139656070870246 0.06261859582542695
6 0.7240750390828556 0.273719165085389 0.03178738926524231 0.054079696394686905
5 0.9562272016675352 0.07115749525616698 0.08650338718082334 0.14231499051233396
0 0.5992704533611256 0.7082542694497154 0.03335070349140177 0.05787476280834915
0 0.8494007295466389 0.7528462998102466 0.028139656070870246 0.055977229601518026
0 0.6300156331422616 0.892314990512334 0.034392912975508075 0.05028462998102467