4 0.49908285565398647 0.5913282732447818 0.7605315268368943 0.7006831119544592
3 0.1104637832204273 0.21851043643263757 0.06118811881188119 0.11703036053130929
3 0.5014851485148515 0.19511385199240988 0.05581031787389265 0.09516129032258064
3 0.8963053673788431 0.22606261859582544 0.05379364252214695 0.11445920303605313
3 0.8929129755080771 0.9389184060721063 0.06993225638353308 0.12217267552182164
3 0.5008129233976029 0.9524193548387097 0.05177696717040125 0.09516129032258064
3 0.10909848879624805 0.9517741935483871 0.058499218342886926 0.0964516129032258
0 0.341657113079729 0.7289753320683112 0.03362167795726941 0.059155597722960154
0 0.37535174570088586 0.3276470588235294 0.03227722772277228 0.04629981024667931
0 0.4935018238665972 0.6527703984819734 0.04370505471599792 0.05272296015180266
6 0.8289994788952579 0.6156831119544591 0.030932777488275144 0.059155597722960154
0 0.640833767587285 0.27644212523719164 0.030932777488275144 0.050151802656546486
0 0.6473215216258468 0.3503225806451613 0.02487754038561751 0.04372865275142315
0 0.7478738926524232 0.844516129032258 0.03362167795726941 0.04887096774193548
5 0.9648983845752996 0.1028842504743833 0.06589369463262115 0.14403225806451614