4 0.5 0.5896584440227703 0.7602918186555497 0.6992409867172675
3 0.5005211047420531 0.2030360531309298 0.05054715997915581 0.09867172675521822
3 0.10838978634705576 0.2215370018975332 0.07087024491922876 0.12428842504743833
3 0.892391870766024 0.22248576850094876 0.06409588327253778 0.12428842504743833
3 0.8908285565398645 0.9421252371916509 0.0672225117248567 0.11195445920303605
3 0.49765502866076083 0.9549335863377609 0.06565919749869724 0.08823529411764706
3 0.10812923397602918 0.9463946869070209 0.06618030224075039 0.10531309297912714
6 0.3095362167795727 0.5863377609108159 0.03543512245961438 0.05502846299810247
1 0.9622199062011464 0.5925047438330171 0.04325169359041167 0.5607210626185958
0 0.7417926003126628 0.5621442125237192 0.022407503908285567 0.04269449715370019
0 0.7417926003126628 0.607685009487666 0.022407503908285567 0.04079696394686907
0 0.7217300677436165 0.6280834914611005 0.02501302761855133 0.04554079696394687
5 0.9554455445544554 0.06878557874762808 0.0880667014069828 0.13567362428842505
0 0.6829077644606566 0.5858633776091081 0.02344971339239187 0.04838709677419355
0 0.7628973423658155 0.5863377609108159 0.023970818134445022 0.04743833017077799
0 0.7217300677436165 0.5853889943074004 0.023970818134445022 0.04554079696394687
2 0.31340750390828553 0.5977229601518027 0.6521255862428349 0.6031442125237192 0.6536143824908807 0.662780834914611 0.6699916623241271 0.6600702087286529 0.6677587285044294 0.6072106261859582 0.7749572694111516 0.6004335863377609 0.77197967691506 0.5801034155597723 0.3119181865554977 0.5760370018975333
0 0.7221156852527358 0.5426565464895636 0.024278269932256385 0.048624288425047436
0 0.7001563314226159 0.5605313092979126 0.031120375195414277 0.04098671726755219
0 0.7032464825429912 0.6081499051233397 0.024940072954663887 0.03897533206831119