3 0.8380849919311458 0.24022633744855967 0.055944055944055944 0.12037037037037036
5 0.965034965034965 0.09876543209876543 0.06777837547068316 0.12962962962962962
3 0.14739107046799355 0.23765432098765432 0.06347498655190963 0.12345679012345678
3 0.14604626143087682 0.9223251028806584 0.06293706293706294 0.12242798353909465
3 0.8378160301237224 0.926954732510288 0.061861215707369556 0.11728395061728394
3 0.49273803119956966 0.2309670781893004 0.057019903173749324 0.10390946502057613
0 0.7264658418504573 0.34516460905349794 0.03066164604626143 0.04835390946502058
3 0.493006993006993 0.9351851851851852 0.05325443786982249 0.10699588477366255
1 0.02151694459386767 0.5838477366255144 0.04303388918773534 0.5092592592592593
0 0.5919849381387843 0.7330246913580247 0.027434104357181282 0.06481481481481481
0 0.42657342657342656 0.3724279835390947 0.031199569661108123 0.053497942386831275
0 0.2947821409359871 0.2890946502057613 0.03012372243141474 0.047325102880658436
0 0.34050564819795587 0.668724279835391 0.03442711135018827 0.059670781893004114
0 0.19768692845615923 0.7860082304526749 0.03173749327595481 0.04938271604938271
0 0.6048951048951049 0.45164609053497945 0.029585798816568046 0.053497942386831275
0 0.6514254975793438 0.6584362139917695 0.029047875201721356 0.05761316872427984
0 0.3380849919311458 0.6095679012345679 0.029585798816568046 0.05864197530864197
0 0.16729424421732114 0.382201646090535 0.03442711135018827 0.05246913580246913
4 0.48977945131791284 0.5797325102880658 0.6761699838622915 0.6450617283950617
0 0.5365788058095751 0.4700411522633745 0.02689618074233459 0.05787037037037037
0 0.278041958041958 0.3182921810699588 0.03160301237224314 0.06301440329218107