4 0.4992183428869203 0.5872865275142315 0.7587285044293903 0.6944971537001897
3 0.10943199583116206 0.9430740037950665 0.06878582595101615 0.11195445920303605
3 0.8918707660239709 0.22580645161290322 0.0672225117248567 0.13092979127134724
3 0.49817613340281397 0.952561669829222 0.06878582595101615 0.09297912713472485
3 0.10812923397602918 0.22011385199240988 0.06618030224075039 0.12144212523719165
3 0.8908285565398645 0.9421252371916509 0.06930693069306931 0.11385199240986717
6 0.7483064095883273 0.4971537001897533 0.03335070349140177 0.06072106261859583
3 0.5015633142261594 0.2030360531309298 0.060969254820218866 0.10436432637571158
5 0.9546638874413758 0.07115749525616698 0.08858780614903596 0.14231499051233396
0 0.7034914017717562 0.3230550284629981 0.02918186555497655 0.055977229601518026
0 0.8303804064616988 0.3135673624288425 0.0286607608129234 0.05787476280834915
0 0.6597186034392913 0.2642314990512334 0.03230849400729546 0.054079696394686905
0 0.4054194893173528 0.5222960151802657 0.03751954142782699 0.05977229601518026
0 0.26941115164147994 0.27988614800759015 0.02918186555497655 0.051233396584440226
0 0.47759249609171445 0.40464895635673626 0.033871808233454925 0.054079696394686905