4 0.4979155810317874 0.5882352941176471 0.7613340281396561 0.7020872865275142
3 0.8918707660239709 0.21916508538899432 0.06930693069306931 0.127134724857685
3 0.10891089108910891 0.22011385199240988 0.07191245440333507 0.127134724857685
3 0.49817613340281397 0.9530360531309298 0.06878582595101615 0.0920303605313093
3 0.890568004168838 0.9430740037950665 0.06774361646690985 0.11195445920303605
6 0.48853569567483063 0.45635673624288425 0.03491401771756123 0.056925996204933584
3 0.10917144346013549 0.9407020872865275 0.06930693069306931 0.11669829222011385
3 0.5005211047420531 0.20635673624288425 0.05784262636789995 0.09582542694497154
1 0.9611776967170401 0.5882352941176471 0.045336112558624284 0.5540796963946869
5 0.9554455445544554 0.06878557874762808 0.0880667014069828 0.13567362428842505
0 0.12532569046378322 0.8989563567362429 0.0286607608129234 0.046489563567362426
2 0.4799374674309536 0.4449715370018975 0.47837415320479415 0.45351043643263755 0.4815007816571131 0.47058823529411764 0.4856696195935383 0.47533206831119545 0.4940072954663887 0.47533206831119545 0.5028660760812923 0.45920303605313095 0.5080771235018239 0.45635673624288425 0.8504429390307452 0.357685009487666 0.8608650338718082 0.3700189753320683 0.8707660239708181 0.3719165085388994 0.8791036998436685 0.36622390891840606 0.8832725377800938 0.3444022770398482 0.8785825951016154 0.32827324478178366 0.8723293381969776 0.3225806451612903 0.8645127670661803 0.3225806451612903 0.8572173006774362 0.33111954459203036 0.8540906722251173 0.3444022770398482 0.835852006253257 0.3519924098671727 0.515372589890568 0.4430740037950664 0.501823866597186 0.4449715370018975 0.49713392391870764 0.43738140417457305 0.4877540385617509 0.43453510436432635 0.4825429911412194 0.43833017077798864