4 0.5015633142261594 0.5891840607210627 0.7613340281396561 0.698292220113852
3 0.8908285565398645 0.9407020872865275 0.07034914017717561 0.11669829222011385
3 0.10891089108910891 0.2215370018975332 0.07191245440333507 0.12618595825426945
3 0.10943199583116206 0.9421252371916509 0.06982803543512246 0.11385199240986717
3 0.49843668577384054 0.9573055028462998 0.07034914017717561 0.08349146110056926
3 0.8916102136529442 0.22343453510436434 0.06670140698280354 0.12618595825426945
3 0.5005211047420531 0.20398481973434535 0.053673788431474724 0.10246679316888045
0 0.7008858780614904 0.9041745730550285 0.030224075039082855 0.04743833017077799
0 0.5330901511203752 0.6726755218216319 0.03335070349140177 0.058823529411764705
6 0.6938509640437728 0.47248576850094876 0.03282959874934862 0.06072106261859583
0 0.6977592496091715 0.8425047438330171 0.03335070349140177 0.056925996204933584
0 0.6255862428348098 0.7983870967741935 0.0297029702970297 0.05218216318785579
0 0.6302761855132881 0.8946869070208728 0.03282959874934862 0.04933586337760911
5 0.9564877540385618 0.0730550284629981 0.0859822824387702 0.1461100569259962