4 0.48951048951048953 0.5848765432098766 0.6691769768692846 0.6512345679012346
3 0.14631522323830015 0.2366255144032922 0.06024744486282948 0.12139917695473251
3 0.8380849919311458 0.23919753086419754 0.055944055944055944 0.12037037037037036
3 0.14631522323830015 0.926954732510288 0.06132329209252286 0.10905349794238683
3 0.49273803119956966 0.23199588477366256 0.05379236148466918 0.10185185185185185
5 0.9644970414201184 0.09876543209876543 0.06670252824098978 0.12962962962962962
0 0.7264658418504573 0.34670781893004116 0.03173749327595481 0.051440329218107
3 0.8372781065088757 0.9259259259259259 0.0586336740182894 0.11728395061728394
0 0.534965034965035 0.4737654320987654 0.025282409897794515 0.046296296296296294
0 0.2772996234534696 0.7458847736625515 0.0328133405056482 0.06378600823045268
6 0.6417428725121033 0.6280864197530864 0.031199569661108123 0.06275720164609054
0 0.607315761161915 0.4506172839506173 0.02689618074233459 0.047325102880658436
3 0.49327595481441633 0.9351851851851852 0.05056481979558903 0.10493827160493827
0 0.5919849381387843 0.7345679012345679 0.027434104357181282 0.06172839506172839
0 0.34023668639053256 0.6090534979423868 0.03173749327595481 0.053497942386831275
0 0.5091447014523938 0.4058641975308642 0.03066164604626143 0.046296296296296294
0 0.6788596019365251 0.6959876543209876 0.031199569661108123 0.056584362139917695
0 0.34158149542764926 0.6712962962962963 0.0322754168908015 0.06481481481481481
0 0.1769768692845616 0.779835390946502 0.03012372243141474 0.05761316872427984
0 0.1670252824098978 0.3852880658436214 0.03496503496503497 0.05246913580246913