4 0.4992183428869203 0.5887939221272555 0.7587285044293903 0.6970560303893637
3 0.890568004168838 0.21937321937321938 0.06774361646690985 0.12535612535612536
3 0.887441375716519 0.9382716049382716 0.07399687337154769 0.12155745489078823
3 0.10943199583116206 0.9425451092117759 0.08025013027618551 0.11301044634377967
3 0.11203751954142782 0.2198480531813865 0.07503908285565399 0.13580246913580246
5 0.9611776967170401 0.06837606837606838 0.07660239708181345 0.13675213675213677
3 0.501823866597186 0.20845204178537513 0.06357477853048463 0.11490978157644824
3 0.49973944762897343 0.9548907882241215 0.06461698801459093 0.08831908831908832
6 0.8522668056279312 0.7716049382716049 0.030745179781136008 0.06172839506172839
0 0.15971860343929128 0.5584045584045584 0.024491922876498175 0.04748338081671415
0 0.45440333507034913 0.2939221272554606 0.034392912975508075 0.05413105413105413
0 0.14252214695153725 0.7649572649572649 0.02553413236060448 0.04843304843304843
0 0.6138613861386139 0.48243114909781576 0.030224075039082855 0.05318138651471985
0 0.21782178217821782 0.3010446343779677 0.034392912975508075 0.05698005698005698
0 0.1331422615945805 0.3570750237416904 0.027618551328817093 0.05887939221272555
0 0.2782699322563835 0.8784425451092118 0.02709744658676394 0.04748338081671415
0 0.8514851485148515 0.9045584045584045 0.03230849400729546 0.0560303893637227
0 0.2751433038040646 0.2972459639126306 0.026055237102657634 0.04748338081671415
0 0.19876498176133403 0.2686229819563153 0.02829077644606566 0.051557454890788224