4 0.4992183428869203 0.5897435897435898 0.7608129233976029 0.6989553656220323
3 0.8908285565398645 0.21937321937321938 0.06305367378843148 0.1291547958214625
3 0.1122980719124544 0.2198480531813865 0.07451797811360084 0.13580246913580246
3 0.10943199583116206 0.9425451092117759 0.08025013027618551 0.11301044634377967
5 0.958832725377801 0.07264957264957266 0.08025013027618551 0.1452991452991453
3 0.5013027618551329 0.20892687559354226 0.06357477853048463 0.11585944919278253
6 0.8527879103699844 0.7336182336182336 0.03178738926524231 0.057929724596391265
3 0.8882230328295988 0.9382716049382716 0.06930693069306931 0.12155745489078823
0 0.6133402813965607 0.4829059829059829 0.03751954142782699 0.06172839506172839
0 0.6646690984887963 0.6927825261158594 0.03282959874934862 0.057929724596391265
0 0.7308494007295466 0.38936372269705605 0.0297029702970297 0.05698005698005698
3 0.49947889525794686 0.9558404558404558 0.06201146430432517 0.08641975308641975
1 0.9614382490880667 0.5902184235517569 0.04585721730067743 0.5479582146248813
0 0.21782178217821782 0.30151946818613484 0.03230849400729546 0.0560303893637227
0 0.16023970818134445 0.5593542260208927 0.027618551328817093 0.05128205128205128
0 0.4546638874413757 0.2948717948717949 0.03491401771756123 0.05413105413105413
0 0.14200104220948412 0.7659069325735992 0.026576341844710787 0.052231718898385564
0 0.13340281396560708 0.3570750237416904 0.02709744658676394 0.05887939221272555
0 0.462480458572173 0.5498575498575499 0.0286607608129234 0.04938271604938271
0 0.7402292860865034 0.4976258309591643 0.03699843668577384 0.060778727445394115
0 0.2782699322563835 0.8798670465337132 0.02709744658676394 0.04843304843304843
0 0.27488275143303803 0.2972459639126306 0.02553413236060448 0.045584045584045586
0 0.19913496612819176 0.272687559354226 0.02754559666492965 0.05698005698005698
2 0.8523783220427306 0.7231044634377968 0.4920719124544033 0.5467369420702755 0.5002605523710266 0.47890408357075026 0.48239395518499223 0.47347673314339983 0.4727165190203231 0.5494501424501425 0.37966180302240754 0.518246913580247 0.37966180302240754 0.542667616334283 0.4786717040125065 0.5725137701804368 0.8523783220427306 0.7475242165242165