4 0.4989577905158937 0.5868121442125237 0.7623762376237624 0.706831119544592
3 0.10838978634705576 0.948292220113852 0.06044815007816571 0.1015180265654649
3 0.10786868160500261 0.21916508538899432 0.06253256904637833 0.11195445920303605
3 0.8926524231370505 0.22106261859582543 0.06565919749869724 0.12333965844402277
3 0.5007816571130798 0.20066413662239088 0.04898384575299635 0.09013282732447818
3 0.8908285565398645 0.9449715370018975 0.06305367378843148 0.10815939278937381
6 0.853048462741011 0.8002846299810247 0.02918186555497655 0.05787476280834915
1 0.9619593538301199 0.5839658444022771 0.04273058884835852 0.5398481973434535
3 0.4992183428869203 0.9558823529411765 0.0583637311099531 0.08633776091081594
0 0.7462219906201146 0.8467741935483871 0.02918186555497655 0.06546489563567362
0 0.37415320479416364 0.32637571157495254 0.031266284523189164 0.04743833017077799
0 0.4911412193850964 0.650853889943074 0.03491401771756123 0.056925996204933584
5 0.955706096925482 0.06925996204933586 0.08754559666492966 0.13851992409867173
0 0.33871808233454925 0.6997153700189753 0.03230849400729546 0.055977229601518026
2 0.6576341844710787 0.7808349146110057 0.6560708702449193 0.7874762808349146 0.6597186034392913 0.7922201138519924 0.7331943720687858 0.8083491461100569 0.7363210005211047 0.825426944971537 0.7316310578426264 0.8377609108159393 0.7316310578426264 0.8538899430740038 0.7404898384575299 0.8738140417457305 0.7389265242313705 0.9089184060721063 0.7399687337154768 0.9146110056925996 0.7420531526836894 0.9155597722960152 0.7462219906201146 0.9117647058823529 0.7483064095883273 0.8766603415559773 0.7571651902032308 0.8662239089184061 0.7602918186555497 0.8567362428842504 0.7613340281396561 0.8425047438330171 0.7592496091714435 0.8263757115749526 0.7660239708181344 0.8102466793168881 0.8337675872850443 0.8045540796963947 0.8405419489317353 0.8102466793168881 0.8452318916102136 0.8197343453510436 0.8509640437727983 0.8197343453510436 0.8582595101615424 0.8149905123339658 0.8624283480979676 0.7998102466793169 0.8603439291297551 0.7874762808349146 0.8556539864512767 0.7789373814041746 0.8494007295466389 0.7770398481973435 0.8436685773840542 0.7798861480075902 0.8337675872850443 0.7941176470588235 0.7681083897863471 0.7979127134724858 0.7639395518499218 0.7960151802656547 0.7571651902032308 0.7827324478178368 0.7529963522668056 0.7798861480075902 0.7436164669098488 0.7808349146110057 0.7337154768108389 0.7950664136622391