4 0.5093798853569568 0.5891840607210627 0.7675872850442939 0.698292220113852
3 0.10865033871808233 0.21916508538899432 0.07139134966128191 0.127134724857685
3 0.8921313183949974 0.21916508538899432 0.06357477853048463 0.127134724857685
3 0.8908285565398645 0.9430740037950665 0.0672225117248567 0.11195445920303605
3 0.10943199583116206 0.9440227703984819 0.06878582595101615 0.11005692599620494
3 0.49843668577384054 0.952561669829222 0.06930693069306931 0.09297912713472485
6 0.5130276185513288 0.41935483870967744 0.03491401771756123 0.06072106261859583
3 0.5005211047420531 0.2030360531309298 0.053673788431474724 0.08918406072106262
0 0.7774882751433038 0.4108159392789374 0.02709744658676394 0.04743833017077799
1 0.9614382490880667 0.5849146110056926 0.04585721730067743 0.5512333965844403
5 0.9554455445544554 0.06878557874762808 0.0880667014069828 0.13567362428842505
0 0.15581031787389266 0.47580645161290325 0.034392912975508075 0.054079696394686905
2 0.0760812923397603 0.4658444022770398 0.07556018759770713 0.4696394686907021 0.08077123501823867 0.4781783681214421 0.13600833767587284 0.4819734345351044 0.1412193850964044 0.48671726755218214 0.14278269932256382 0.49335863377609107 0.15059927045336113 0.5047438330170778 0.15789473684210525 0.5066413662239089 0.16571130797290257 0.5018975332068312 0.1709223553934341 0.5047438330170778 0.17352787910369985 0.5123339658444023 0.17248566961959355 0.5616698292220114 0.17352787910369985 0.5664136622390892 0.1771756122980719 0.5664136622390892 0.17978113600833767 0.5531309297912713 0.18134445023449713 0.5123339658444023 0.19020323084940072 0.5 0.19645648775403857 0.4857685009487666 0.4924439812402293 0.4307400379506641 0.49817613340281397 0.4307400379506641 0.5044293903074518 0.44022770398481975 0.5122459614382491 0.4430740037950664 0.5179781136008338 0.43927893738140417 0.5211047420531527 0.4316888045540797 0.522146951537259 0.4155597722960152 0.5169359041167274 0.40417457305502846 0.5075560187597707 0.40132827324478176 0.5023449713392392 0.40417457305502846 0.4986972381448671 0.4174573055028463 0.4934861907243356 0.42125237191650855 0.2006253256904638 0.47343453510436434 0.19176654507556018 0.4686907020872865 0.1839499739447629 0.4573055028462998 0.17665450755601875 0.45635673624288425 0.16883793642522146 0.46110056925996207 0.16050026055237102 0.45351043643263755 0.14903595622720167 0.45445920303605314 0.13913496612819176 0.47058823529411764 0.08650338718082334 0.4620493358633776 0.07972902553413236 0.4620493358633776