4 0.5013757165190204 0.588119658119658 0.7600677436164669 0.6932573599240266
3 0.1068264721208963 0.21909781576448245 0.07369984366857739 0.12887939221272554
3 0.5077071391349661 0.2082526115859449 0.061042209484106304 0.12074074074074075
3 0.890343929129755 0.22113960113960116 0.06699843668577384 0.12753086419753085
3 0.8918342886920271 0.9341310541310541 0.08933298593017197 0.1317283950617284
3 0.495794684731631 0.9402374169040836 0.06253256904637833 0.11952516619183286
3 0.10906201146430432 0.9375213675213676 0.0945440333507035 0.1249477682811016
0 0.3651433038040646 0.5921842355175689 0.04689942678478374 0.06647673314339982
0 0.29070349140177176 0.28354226020892687 0.029030745179781138 0.04884140550807217
0 0.3792912975508077 0.41852801519468186 0.037967691505992704 0.06376068376068376
0 0.3800364773319437 0.4721177587844254 0.029030745179781138 0.06511870845204178
0 0.6350026055237102 0.4348148148148148 0.031266284523189164 0.0501994301994302
0 0.7336425221469515 0.47347578347578345 0.03201146430432517 0.059696106362773026
6 0.49877019280875456 0.6505223171889839 0.02829077644606566 0.06376068376068376
5 0.9615476810838979 0.06783475783475784 0.07689942678478374 0.13566951566951568
1 0.9629286086503387 0.5894681861348529 0.04392391870766024 0.5521652421652421
2 0.5032381448671183 0.6552706552706553 0.6305367378843147 0.4843304843304843 0.6990250130276185 0.5128205128205128 0.7005138092756644 0.49382716049382713 0.6364924439812403 0.4694074074074074 0.6565919749869724 0.3120332383665717 0.6431922876498176 0.30660683760683766 0.6260703491401772 0.46533713200379867 0.4972829598749348 0.634920227920228