4 0.49843668577384054 0.5882352941176471 0.7686294945284002 0.698292220113852
3 0.8908285565398645 0.9407020872865275 0.06513809275664409 0.11669829222011385
3 0.10917144346013549 0.9421252371916509 0.06930693069306931 0.11385199240986717
3 0.10995310057321521 0.22106261859582543 0.07503908285565399 0.13092979127134724
3 0.4989577905158937 0.9558823529411765 0.06513809275664409 0.08633776091081594
3 0.8918707660239709 0.22248576850094876 0.06513809275664409 0.12239089184060721
3 0.49973944762897343 0.2049335863377609 0.05627931214174049 0.09487666034155598
0 0.4437206878582595 0.6835863377609108 0.033871808233454925 0.054079696394686905
0 0.7459614382490881 0.8111954459203036 0.0297029702970297 0.05313092979127135
6 0.34966128191766543 0.849146110056926 0.030224075039082855 0.04933586337760911
0 0.1829077644606566 0.4150853889943074 0.031266284523189164 0.055977229601518026
5 0.9559666492965087 0.0730550284629981 0.08702449192287649 0.1442125237191651