4 0.5010422094841063 0.5849952516619183 0.7602918186555497 0.6932573599240266
3 0.10838978634705576 0.9501424501424501 0.05211047420531527 0.09401709401709402
0 0.7694111516414799 0.5023741690408358 0.02344971339239187 0.04368471035137702
0 0.7696717040125065 0.5455840455840456 0.021886399166232414 0.04083570750237417
5 0.9614382490880667 0.06552706552706553 0.07399687337154769 0.1291547958214625
0 0.7102657634184472 0.563627730294397 0.021886399166232414 0.0389363722697056
6 0.3110995310057322 0.5849952516619183 0.028139656070870246 0.045584045584045586
0 0.7694111516414799 0.5868945868945868 0.022407503908285567 0.039886039886039885
0 0.7493486190724336 0.5242165242165242 0.021886399166232414 0.04178537511870845
1 0.9619593538301199 0.5868945868945868 0.0385617509119333 0.5527065527065527
3 0.49947889525794686 0.20180436847103514 0.042209484106305366 0.07692307692307693
0 0.7089630015633143 0.6063627730294397 0.02344971339239187 0.04083570750237417
0 0.7691505992704534 0.6282051282051282 0.023970818134445022 0.042735042735042736
0 0.7295466388744137 0.5868945868945868 0.020844189682126108 0.04178537511870845
0 0.7696717040125065 0.671415004748338 0.022928608650338717 0.04368471035137702
0 0.7490880667014069 0.6486229819563153 0.022407503908285567 0.04178537511870845
0 0.7488275143303804 0.5655270655270656 0.020844189682126108 0.0389363722697056
0 0.7295466388744137 0.6282051282051282 0.021886399166232414 0.04083570750237417
3 0.4992183428869203 0.9648622981956315 0.04585721730067743 0.06837606837606838
0 0.6891610213652944 0.584045584045584 0.020323084940072955 0.04368471035137702
0 0.7292860865033872 0.5446343779677113 0.02136529442417926 0.042735042735042736
0 0.7490880667014069 0.6087369420702754 0.022407503908285567 0.039886039886039885
3 0.892391870766024 0.21889838556505223 0.05158936946326212 0.10541310541310542
3 0.8910891089108911 0.9444444444444444 0.07503908285565399 0.10921177587844255
3 0.10891089108910891 0.21462488129154797 0.053152683689421575 0.09686609686609686
2 0.3126628452318916 0.5928641975308642 0.6618030224075039 0.602360873694207 0.6618030224075039 0.6389905033238367 0.6752027097446587 0.6376343779677113 0.6722251172485669 0.6064301994301995 0.7630463783220428 0.6010037986704653 0.7600682647212089 0.5792972459639126 0.3119181865554977 0.5765840455840456