4 0.4998905680041688 0.588119658119658 0.7600677436164669 0.6932573599240266
3 0.11166753517457008 0.21978157644824312 0.07593017196456488 0.13566951566951568
3 0.5010057321521626 0.21231718898385565 0.05806670140698281 0.11531813865147199
3 0.8914590932777489 0.2150332383665717 0.05881188118811881 0.12887939221272554
3 0.8884835852006253 0.9415954415954416 0.07071912454403335 0.1168091168091168
3 0.5006305367378844 0.9578727445394112 0.06327774882751433 0.08424501424501424
3 0.10831683168316833 0.943627730294397 0.08412193850964045 0.11273504273504273
6 0.5502136529442417 0.5483285849952516 0.030521104742053152 0.05698005698005698
0 0.7322459614382492 0.3916429249762583 0.03201146430432517 0.06511870845204178
5 0.9503856175091193 0.0698670465337132 0.09922876498176132 0.1397340930674264
0 0.4546586763939552 0.29318138651471987 0.0372225117248567 0.059696106362773026
0 0.2086086503387181 0.2691263057929724 0.03498697238144867 0.05426400759734093
0 0.2750651380927567 0.29666666666666663 0.024564877540385617 0.04527065527065527
0 0.27708181344450233 0.8790218423551757 0.024523189161021367 0.04554605887939221
0 0.14402292860865035 0.7646058879392212 0.02433559145388223 0.045802469135802465
0 0.4609796769150599 0.547283950617284 0.02433559145388223 0.04544159544159544
0 0.7418811881188119 0.4938366571699905 0.02381969775924961 0.0432383665716999
0 0.15938509640437729 0.5592307692307692 0.02447628973423658 0.045716999050332385
0 0.6136842105263158 0.47951566951566954 0.03573215216258468 0.059696106362773026
0 0.20790515893694633 0.334074074074074 0.03647733194372069 0.06105413105413106
0 0.8520427305888483 0.8084520417853751 0.028144867118290777 0.062440645773979106
0 0.6677592496091714 0.6952896486229819 0.02829077644606566 0.05833808167141501
0 0.5862428348097968 0.8323171889838556 0.029030745179781138 0.052905982905982904
2 0.5538598228243877 0.542667616334283 0.5918259510161542 0.7868670465337132 0.6484033350703492 0.7990778727445393 0.649147472642001 0.8180712250712251 0.594059405940594 0.8058603988603988 0.5814038561750912 0.9835840455840456 0.5709817613340281 0.9808708452041786 0.582892652423137 0.7909373219373219 0.5426935904116728 0.5521642924976258
1 0.9629286086503387 0.5847198480531814 0.03945284002084418 0.5480911680911681