4 0.4915277030661646 0.5870679012345679 0.6737493275954815 0.6520061728395061
3 0.15129101667563205 0.2366255144032922 0.07396449704142012 0.1183127572016461
3 0.48951048951048953 0.23019547325102882 0.05379236148466918 0.10802469135802469
3 0.8361377084454008 0.23470164609053498 0.057154384077461 0.12988683127572018
3 0.8391608391608392 0.9297839506172839 0.06320602474448628 0.1337448559670782
3 0.4935449166218397 0.9375 0.05379236148466918 0.10545267489711935
3 0.14591178052716514 0.9317181069958848 0.07127487896718666 0.10673868312757202
0 0.39537385691231847 0.4488168724279835 0.028240989779451317 0.05401234567901234
0 0.3392307692307692 0.6082818930041153 0.0342926304464766 0.05915637860082305
0 0.34158149542764926 0.6680864197530865 0.03362022592791824 0.06558641975308642
0 0.278375470683163 0.7478189300411523 0.030930607853684778 0.06301440329218107
0 0.20004303388918773 0.7806069958847737 0.024878967186659495 0.056584362139917695
0 0.17818719741796665 0.7825411522633745 0.029585798816568046 0.05529835390946502
0 0.16675632060247444 0.3851646090534979 0.0322754168908015 0.06044238683127572
0 0.6848466917697688 0.4173148148148148 0.03698224852071006 0.052726337448559674
0 0.8058795051102744 0.42309670781893005 0.026223776223776224 0.051440329218107
0 0.7685583647122108 0.628858024691358 0.028240989779451317 0.051440329218107
5 0.9595212479827865 0.10095679012345679 0.06589564281871974 0.10159465020576132