4 0.4992183428869203 0.5882352941176471 0.7597707139134966 0.7001897533206831
3 0.8892652423137051 0.9364326375711575 0.0672225117248567 0.1252371916508539
3 0.8916102136529442 0.22485768500948766 0.06982803543512246 0.12903225806451613
3 0.10891089108910891 0.2215370018975332 0.07191245440333507 0.12618595825426945
3 0.10917144346013549 0.9430740037950665 0.06930693069306931 0.11195445920303605
3 0.4986972381448671 0.9558823529411765 0.07087024491922876 0.08633776091081594
0 0.7368421052631579 0.36717267552182165 0.030224075039082855 0.06072106261859583
3 0.5007816571130798 0.2054079696394687 0.055237102657634186 0.09962049335863378
6 0.8579989577905159 0.41413662239089183 0.0297029702970297 0.06736242884250475
0 0.7738405419489317 0.8102466793168881 0.02918186555497655 0.056925996204933584
5 0.9554455445544554 0.07115749525616698 0.0880667014069828 0.14231499051233396
0 0.6302761855132881 0.8937381404174574 0.03491401771756123 0.051233396584440226
0 0.8736321000521104 0.8956356736242884 0.0286607608129234 0.051233396584440226