4 0.5006305367378844 0.5867616334283001 0.7600677436164669 0.6986799620132954
3 0.11092235539343409 0.21774928774928773 0.0774205315268369 0.15872744539411204
3 0.5028660760812923 0.2062108262108262 0.05136529442417925 0.12209876543209876
3 0.8922042730588848 0.22859449192782527 0.054346013548723295 0.1370275403608737
3 0.8922042730588848 0.942269705603039 0.07220948410630536 0.11545109211775878
3 0.4980250130276186 0.9565147198480533 0.059557060969254824 0.08696106362773029
3 0.10943199583116206 0.9375213675213676 0.0774205315268369 0.1249477682811016
6 0.5505106826472121 0.5447008547008547 0.030521104742053152 0.06647673314339982
0 0.2761855132881709 0.2977872744539411 0.031266284523189164 0.052905982905982904
0 0.20918707660239708 0.27404558404558405 0.0372225117248567 0.05426400759734093
0 0.20769671704012507 0.3344159544159544 0.029775924960917143 0.05833808167141501
0 0.16154247003647734 0.5623361823361823 0.029775924960917143 0.05833808167141501
0 0.14330380406461699 0.7658404558404558 0.029030745179781138 0.055622032288698955
0 0.2810265763418447 0.8804748338081672 0.03201146430432517 0.059696106362773026
0 0.46080771235018236 0.5528395061728395 0.03424179260031266 0.06105413105413106
0 0.4574570088587806 0.2977872744539411 0.03945284002084418 0.06919278252611585
0 0.7306618030224076 0.3934377967711301 0.030521104742053152 0.05426400759734093
0 0.7407139134966129 0.4958594491927825 0.03573215216258468 0.07189933523266856
0 0.6655237102657635 0.6973314339981006 0.043178738926524234 0.07868945868945869
0 0.6137884314747264 0.483656220322887 0.029030745179781138 0.06105413105413106
5 0.9555966649296509 0.07189933523266856 0.08880667014069828 0.1438081671415005
0 0.8505158936946327 0.8058594491927826 0.026055237102657634 0.05426400759734093
1 0.9632985930171964 0.5874358974358975 0.05211047420531527 0.5616619183285849
0 0.5862428348097968 0.8350332383665716 0.029030745179781138 0.05833808167141501
2 0.5546044815007817 0.54538081671415 0.5955482021886399 0.7827977207977207 0.6610583637311099 0.8140009496676164 0.6580807712350182 0.832994301994302 0.5970369984366858 0.8058603988603988 0.572470557582074 0.9740873694207027 0.562048462741011 0.9659477682811016 0.5866149035956227 0.7922943969610636 0.5441823866597186 0.5494501424501425