4 0.4890568004168838 0.584045584045584 0.7811360083376758 0.6932573599240266
3 0.10838978634705576 0.9501424501424501 0.05211047420531527 0.09401709401709402
5 0.9603960396039604 0.06837606837606838 0.0781657113079729 0.13675213675213677
3 0.4989577905158937 0.21557454890788225 0.0484627410109432 0.11965811965811966
3 0.49947889525794686 0.9658119658119658 0.04325169359041167 0.06647673314339982
6 0.48957790515893695 0.292022792022792 0.027618551328817093 0.04653371320037987
3 0.10865033871808233 0.21462488129154797 0.05263157894736842 0.0949667616334283
1 0.962480458572173 0.5916429249762583 0.041688379364252216 0.5527065527065527
3 0.8918707660239709 0.21462488129154797 0.0672225117248567 0.13295346628679963
3 0.8897863470557582 0.9434947768281101 0.07972902553413236 0.1111111111111111
2 0.4995158936946326 0.2957540360873694 0.2873522668056279 0.9333874643874643 0.2724632621156852 0.9116809116809117 0.48760500260552375 0.27676068376068375
0 0.4924439812402293 0.24962962962962965 0.03350182386659719 0.059696106362773026