4 0.4986972381448671 0.5859449192782527 0.7576862949452841 0.6970560303893637
3 0.8897863470557582 0.9434947768281101 0.08077123501823867 0.1111111111111111
3 0.10812923397602918 0.2207977207977208 0.08077123501823867 0.14339981006647673
3 0.49973944762897343 0.20750237416904083 0.07087024491922876 0.10731244064577398
5 0.9616988014590933 0.06742640075973409 0.07556018759770713 0.13485280151946819
0 0.4585721730067744 0.46961063627730293 0.034392912975508075 0.057929724596391265
6 0.6735278791036998 0.43067426400759734 0.0297029702970297 0.0560303893637227
0 0.7391870766023971 0.825735992402659 0.027618551328817093 0.050332383665717
0 0.30354351224596143 0.2630579297245964 0.03491401771756123 0.06837606837606838
3 0.49947889525794686 0.9558404558404558 0.06513809275664409 0.08641975308641975
0 0.18368942157373633 0.49382716049382713 0.03804064616988015 0.06837606837606838
0 0.7295466388744137 0.7806267806267806 0.034392912975508075 0.045584045584045586
0 0.39499739447628973 0.704653371320038 0.03647733194372069 0.05698005698005698
3 0.10865033871808233 0.9515669515669516 0.05263157894736842 0.09306742640075974
0 0.8569567483064096 0.6163342830009497 0.0286607608129234 0.05887939221272555
0 0.3543512245961438 0.8822412155745489 0.030224075039082855 0.05698005698005698
0 0.3996873371547681 0.5280151946818613 0.03647733194372069 0.06457739791073125
3 0.8918707660239709 0.21652421652421652 0.055758207399687336 0.09876543209876543