4 0.49947889525794686 0.5882352941176471 0.7592496091714435 0.7020872865275142
3 0.49817613340281397 0.9558823529411765 0.06670140698280354 0.08633776091081594
3 0.8908285565398645 0.9407020872865275 0.0672225117248567 0.11669829222011385
3 0.5007816571130798 0.20256166982922202 0.05106826472120896 0.09962049335863378
3 0.10917144346013549 0.9421252371916509 0.07034914017717561 0.11385199240986717
3 0.8921313183949974 0.2215370018975332 0.06565919749869724 0.12428842504743833
3 0.10943199583116206 0.22343453510436434 0.07399687337154769 0.13377609108159394
6 0.6774361646690985 0.9108159392789373 0.03543512245961438 0.051233396584440226
0 0.5651380927566441 0.8932637571157496 0.03804064616988015 0.06546489563567362
0 0.7357998957790516 0.4952561669829222 0.03230849400729546 0.058823529411764705
1 0.9614382490880667 0.5863377609108159 0.047941636268890045 0.5559772296015181
0 0.5802501302761855 0.6480075901328273 0.03178738926524231 0.056925996204933584
5 0.955706096925482 0.06925996204933586 0.08754559666492966 0.13851992409867173
0 0.14929650859822824 0.4648956356736243 0.030745179781136008 0.0683111954459203
0 0.5450755601875977 0.6366223908918406 0.03335070349140177 0.06072106261859583
0 0.1375716519020323 0.32400379506641364 0.028139656070870246 0.054079696394686905
0 0.5802501302761855 0.8524667931688804 0.03595622720166754 0.055977229601518026
0 0.5672589890568004 0.605180265654649 0.026800416883793643 0.058282732447817835
2 0.6789249609171444 0.9094601518026566 0.6208593017196457 0.8769316888045541 0.6104372068785826 0.8471129032258065 0.584381969775925 0.8430464895635674 0.4995158936946326 0.7698567362428842 0.4905831162063575 0.798319734345351 0.5814038561750912 0.8674440227703984 0.5881036998436685 0.8918406072106262 0.5769374674309536 0.947410815939279 0.5888483585200626 0.9582542694497154 0.5992704533611256 0.9108159392789373 0.616392391870766 0.8918406072106262 0.6774361646690985 0.9257248576850096