4 0.5005211047420531 0.5896584440227703 0.7592496091714435 0.6992409867172675
3 0.890568004168838 0.9397533206831119 0.06670140698280354 0.11859582542694497
3 0.49765502866076083 0.956831119544592 0.06878582595101615 0.08444022770398482
3 0.10917144346013549 0.9416508538899431 0.06930693069306931 0.11480075901328274
3 0.10812923397602918 0.22106261859582543 0.07034914017717561 0.12333965844402277
6 0.5500260552371027 0.6740986717267552 0.030745179781136008 0.05218216318785579
3 0.5005211047420531 0.20635673624288425 0.060969254820218866 0.10341555977229601
0 0.70166753517457 0.5403225806451613 0.03595622720166754 0.05977229601518026
5 0.9590932777488275 0.06878557874762808 0.07972902553413236 0.13757115749525617
0 0.5846795205836373 0.7504743833017078 0.028139656070870246 0.056925996204933584
0 0.7584679520583637 0.45398481973434535 0.0286607608129234 0.0635673624288425
0 0.4426784783741532 0.3719165085388994 0.03282959874934862 0.06072106261859583
0 0.8629494528400209 0.8045540796963947 0.02709744658676394 0.04933586337760911
3 0.8965607087024492 0.22248576850094876 0.05680041688379364 0.12618595825426945
0 0.13965607087024492 0.7291271347248577 0.031266284523189164 0.05787476280834915