5 0.5078165711307973 0.5882352941176471 0.36529442417926006 0.6413662239089184
4 0.5033871808233454 0.5915559772296015 0.7660239708181344 0.7011385199240987
3 0.8897863470557582 0.9397533206831119 0.068264721208963 0.11859582542694497
3 0.10917144346013549 0.9407020872865275 0.07034914017717561 0.11669829222011385
6 0.8504429390307452 0.4791271347248577 0.034392912975508075 0.06451612903225806
3 0.49843668577384054 0.9573055028462998 0.07451797811360084 0.08349146110056926
3 0.8918707660239709 0.21916508538899432 0.06618030224075039 0.12333965844402277
3 0.10943199583116206 0.2215370018975332 0.07503908285565399 0.12428842504743833
3 0.5 0.20967741935483872 0.06618030224075039 0.10436432637571158
1 0.9616988014590933 0.5839658444022771 0.04637832204273059 0.5569259962049335
5 0.9551849921834289 0.07210626185958255 0.08858780614903596 0.1442125237191651
2 0.6701406982803544 0.5398481973434535 0.6706618030224075 0.5483870967741935 0.6753517457008859 0.5483870967741935 0.8322042730588849 0.4905123339658444 0.8400208441896821 0.49240986717267554 0.8457529963522668 0.5009487666034156 0.8514851485148515 0.5009487666034156 0.859822824387702 0.48861480075901326 0.8603439291297551 0.47248576850094876 0.856696195935383 0.4620493358633776 0.8525273579989577 0.45825426944971537 0.8452318916102136 0.45825426944971537 0.8332464825429912 0.48007590132827327