4 0.49947889525794686 0.5882352941176471 0.7592496091714435 0.6963946869070209
3 0.8903074517978113 0.9430740037950665 0.06930693069306931 0.11195445920303605
3 0.10891089108910891 0.2215370018975332 0.07191245440333507 0.12618595825426945
3 0.8921313183949974 0.22248576850094876 0.06670140698280354 0.12618595825426945
3 0.10943199583116206 0.9421252371916509 0.06982803543512246 0.11385199240986717
3 0.5007816571130798 0.20398481973434535 0.04898384575299635 0.0967741935483871
3 0.4986972381448671 0.956831119544592 0.06774361646690985 0.08444022770398482
6 0.6993225638353309 0.48671726755218214 0.03230849400729546 0.06261859582542695
0 0.5698280354351225 0.599146110056926 0.03282959874934862 0.061669829222011384
5 0.9562272016675352 0.06925996204933586 0.08650338718082334 0.13851992409867173
1 0.9614382490880667 0.5863377609108159 0.04377279833246483 0.5540796963946869
0 0.7290255341323606 0.9032258064516129 0.02918186555497655 0.051233396584440226
0 0.6425221469515373 0.7504743833017078 0.02709744658676394 0.056925996204933584
0 0.631578947368421 0.892314990512334 0.03230849400729546 0.055977229601518026
0 0.6581552892131318 0.8026565464895635 0.02709744658676394 0.056925996204933584
2 0.7030640958832726 0.4980977229601518 0.6512902553413236 0.6887666034155598 0.6577618551328817 0.7176888045540797 0.6495252735799896 0.7444677419354838 0.6518785825951016 0.8880056925996205 0.6383470557582074 0.8890768500948767 0.6359932256383534 0.7412542694497154 0.6259916623241272 0.7219734345351044 0.5753944762897343 0.7262580645161291 0.5748061490359563 0.700550284629981 0.6224616988014591 0.700550284629981 0.6283449713392393 0.6801973434535105 0.6395237102657635 0.676983870967742 0.6901203751954142 0.4863140417457306