4 0.49973944762897343 0.5891840607210627 0.7597707139134966 0.7001897533206831
3 0.890568004168838 0.9407020872865275 0.06774361646690985 0.11669829222011385
3 0.892391870766024 0.22248576850094876 0.06618030224075039 0.12428842504743833
3 0.5010422094841063 0.2030360531309298 0.05263157894736842 0.09867172675521822
3 0.49817613340281397 0.9539848197343453 0.06670140698280354 0.09013282732447818
6 0.3077123501823867 0.5858633776091081 0.03595622720166754 0.055977229601518026
3 0.10865033871808233 0.2215370018975332 0.07243355914538822 0.12618595825426945
3 0.10812923397602918 0.9463946869070209 0.06618030224075039 0.10531309297912714
0 0.6889004689942678 0.5640417457305503 0.02501302761855133 0.046489563567362426
1 0.9616988014590933 0.5915559772296015 0.045336112558624284 0.5588235294117647
0 0.7110474205315268 0.6304554079696395 0.024491922876498175 0.046489563567362426
0 0.7303282959874935 0.5621442125237192 0.024491922876498175 0.04459203036053131
5 0.9544033350703491 0.07020872865275142 0.0891089108910891 0.14041745730550284
0 0.6707139134966128 0.5869165085388994 0.026753517457008862 0.05357685009487666
0 0.7110317873892652 0.544819734345351 0.024841063053673788 0.054269449715370024
0 0.7106513809275664 0.5869165085388994 0.02942678478374153 0.04662239089184061
0 0.6919228764981761 0.6109297912713472 0.027899947889525795 0.052884250474383304
0 0.7328191766545076 0.6091840607210627 0.02713392391870766 0.05079696394686907
0 0.7521156852527358 0.585180265654649 0.02904637832204273 0.050094876660341556
2 0.3107066180302241 0.5963149905123339 0.6596310578426264 0.5643074003795067 0.6917337154768108 0.6652001897533206 0.6989947889525795 0.6526755218216318 0.669567483064096 0.5587400379506642 0.7368301198540907 0.4863757115749526 0.7268931735278791 0.4689800759013283 0.6596310578426264 0.5364743833017077 0.3107066180302241 0.57196110056926