4 0.4989577905158937 0.5882352941176471 0.7602918186555497 0.6963946869070209
3 0.10812923397602918 0.948292220113852 0.060969254820218866 0.1015180265654649
3 0.10760812923397603 0.21963946869070208 0.06305367378843148 0.11480075901328274
3 0.5005211047420531 0.20066413662239088 0.0484627410109432 0.09013282732447818
3 0.8926524231370505 0.2215370018975332 0.06670140698280354 0.12618595825426945
3 0.8908285565398645 0.9449715370018975 0.06305367378843148 0.10815939278937381
3 0.4992183428869203 0.9549335863377609 0.0583637311099531 0.08823529411764706
0 0.7462219906201146 0.8467741935483871 0.02918186555497655 0.0635673624288425
0 0.3738926524231371 0.32637571157495254 0.03178738926524231 0.04933586337760911
6 0.8538301198540906 0.8002846299810247 0.0297029702970297 0.05787476280834915
0 0.4911412193850964 0.650853889943074 0.03595622720166754 0.056925996204933584
0 0.3384575299635227 0.6997153700189753 0.03282959874934862 0.05787476280834915
1 0.962480458572173 0.5839658444022771 0.04377279833246483 0.5588235294117647
5 0.9554455445544554 0.07210626185958255 0.0880667014069828 0.1442125237191651
2 0.6576341844710787 0.7808349146110057 0.6560708702449193 0.7874762808349146 0.6597186034392913 0.7922201138519924 0.7253778009379885 0.8055028462998103 0.7342365815528922 0.8102466793168881 0.7363210005211047 0.825426944971537 0.7316310578426264 0.8368121442125237 0.7311099531005733 0.849146110056926 0.7321521625846795 0.857685009487666 0.7410109431995832 0.8757115749525617 0.7389265242313705 0.9041745730550285 0.7394476289734236 0.9127134724857685 0.7430953621677957 0.9155597722960152 0.7462219906201146 0.9117647058823529 0.7477853048462741 0.8823529411764706 0.7602918186555497 0.8567362428842504 0.7613340281396561 0.8387096774193549 0.7592496091714435 0.8263757115749526 0.7634184471078687 0.8140417457305503 0.7733194372068786 0.8092979127134725 0.8337675872850443 0.8045540796963947 0.8452318916102136 0.8197343453510436 0.8509640437727983 0.8197343453510436 0.8593017196456487 0.8140417457305503 0.8619072433559145 0.8036053130929791 0.8603439291297551 0.7874762808349146 0.8556539864512767 0.7789373814041746 0.8494007295466389 0.7770398481973435 0.8415841584158416 0.7817836812144212 0.8337675872850443 0.7941176470588235 0.7686294945284002 0.7979127134724858 0.764460656591975 0.7969639468690702 0.7571651902032308 0.7827324478178368 0.7493486190724336 0.7789373814041746 0.7436164669098488 0.7808349146110057 0.7295466388744137 0.7950664136622391