4 0.4998905680041688 0.5847198480531814 0.758577384054195 0.6973314339981006
3 0.8910891089108911 0.944985754985755 0.07295466388744137 0.11002849002849002
3 0.5017509119332986 0.9497340930674264 0.06253256904637833 0.1005318138651472
6 0.3116206357477853 0.9112060778727445 0.02918186555497655 0.042735042735042736
2 0.31117404898384576 0.9198205128205128 0.728057842626368 0.6810474833808168 0.7861235018238666 0.6946144349477683 0.7913345492443981 0.6729069325735992 0.7317800937988536 0.6579838556505223 0.30670713913496617 0.9008271604938272
2 0.7306618030224076 0.6708736942070275 0.024564877540385617 0.04748338081671415
0 0.6886034392912976 0.588119658119658 0.01935383011985409 0.042060778727445396
0 0.7102605523710266 0.6055460588793922 0.023053673788431477 0.04201329534662868
0 0.7104585721730067 0.5642545109211775 0.021860343929129757 0.04635327635327636
0 0.7299374674309537 0.5403513770180437 0.021860343929129757 0.05070275403608737
0 0.7682907764460656 0.5005128205128205 0.025435122459614382 0.04925925925925926
0 0.7702761855132882 0.5863532763532763 0.023053673788431477 0.03983855650522317
0 0.7700781657113079 0.6290883190883191 0.021860343929129757 0.041291547958214624
0 0.7706774361646691 0.6703703703703704 0.02702970297029703 0.042735042735042736
0 0.7494111516414799 0.649363722697056 0.021860343929129757 0.044188034188034186
0 0.7301354872329339 0.6308926875593542 0.01907764460656592 0.04925925925925926
0 0.7299374674309537 0.5867141500474833 0.021063053673788433 0.04201329534662868
0 0.7502084418968213 0.5671509971509971 0.0178843147472642 0.040560303893637226
0 0.7492131318394998 0.6088034188034188 0.020667014069828033 0.042735042735042736
0 0.7478217821782178 0.5179012345679013 0.02344971339239187 0.04780626780626781
0 0.7694841063053675 0.5468755935422602 0.023845752996352266 0.04780626780626781
3 0.11058363731109953 0.9414814814814815 0.06523710265763419 0.11702754036087369
3 0.1133715476810839 0.21820512820512822 0.06603439291297551 0.1377397910731244
3 0.5008181344450234 0.2037037037037037 0.04853048462741011 0.11453941120607787
3 0.8930380406461699 0.2138556505223172 0.06443981240229286 0.1348338081671415
2 0.7333882230328297 0.6326885090218424 0.7367832204273058 0.5789335232668565 0.7308415841584158 0.5777730294396961 0.7268097967691506 0.6315280151946819
1 0.9627357998957791 0.5838461538461538 0.03999478895257947 0.5578157644824312
5 0.9593173527879104 0.0698670465337132 0.08136529442417925 0.1397340930674264