4 0.5002605523710266 0.585403608736942 0.7593225638353309 0.6932573599240266
3 0.10943199583116206 0.22249762583095917 0.08040125065138093 0.1438081671415005
3 0.5028660760812923 0.2068945868945869 0.07519020323084939 0.10717948717948718
3 0.8914590932777489 0.22045584045584043 0.06774361646690985 0.1315954415954416
3 0.8907191245440333 0.943627730294397 0.08858780614903596 0.11273504273504273
3 0.5006305367378844 0.9565147198480533 0.06625325690463783 0.08696106362773029
3 0.10831683168316833 0.9429534662867995 0.0781657113079729 0.11409306742640075
6 0.14926003126628454 0.8214624881291548 0.03200625325690464 0.052905982905982904
0 0.32532047941636266 0.7963627730294397 0.0372225117248567 0.06240265906932573
0 0.39901511203751955 0.5291073124406458 0.03871287128712872 0.06511870845204178
0 0.3055914538822303 0.26183285849952515 0.03350182386659719 0.07597340930674264
0 0.729176654507556 0.7712630579297246 0.0409431995831162 0.04748338081671415
0 0.3558415841584158 0.8838651471984805 0.03871287128712872 0.06919278252611585
0 0.2409275664408546 0.8689933523266856 0.03499218342886921 0.055631528964862294
0 0.7373632100052111 0.8234947768281101 0.029030745179781138 0.05426400759734093
0 0.398931735278791 0.7047578347578348 0.0372225117248567 0.059696106362773026
0 0.3189890568004169 0.6444159544159545 0.029030745179781138 0.059696106362773026
0 0.45890568004168836 0.4694112060778728 0.03498697238144867 0.059696106362773026
0 0.2534809796769151 0.8947198480531814 0.03201146430432517 0.06376068376068376
0 0.17978113600833767 0.9103228869895537 0.03498697238144867 0.06511870845204178
5 0.9619228764981762 0.06783475783475784 0.07615424700364773 0.13566951566951568
1 0.9625534132360605 0.5847198480531814 0.0401980198019802 0.5453846153846154
2 0.1805263157894737 0.867587844254511 0.02754559666492965 0.04748338081671415
2 0.1527498697238145 0.8173076923076923 0.18235018238665973 0.8595470085470085 0.2569103699843669 0.8809211775878443 0.2555138092756644 0.894661918328585 0.18067483064095882 0.87532383665717 0.1463272537780094 0.8249411206077872
2 0.18207139134966127 0.9099287749287749 0.1776029181865555 0.9720161443494777 0.1695049504950495 0.9659088319088319 0.17397290255341322 0.9043314339981007