4 0.5007816571130798 0.5882352941176471 0.7618551328817093 0.698292220113852
3 0.8903074517978113 0.9421252371916509 0.06930693069306931 0.11385199240986717
3 0.8910891089108911 0.22248576850094876 0.07087024491922876 0.12808349146110057
3 0.10891089108910891 0.22248576850094876 0.07191245440333507 0.12428842504743833
3 0.5013027618551329 0.20825426944971537 0.06565919749869724 0.09962049335863378
6 0.6055237102657635 0.4497153700189753 0.03230849400729546 0.058823529411764705
5 0.9580510682647212 0.06925996204933586 0.08181344450234497 0.13851992409867173
0 0.513548723293382 0.7960151802656547 0.03178738926524231 0.058823529411764705
1 0.9609171443460135 0.5896584440227703 0.04689942678478374 0.5531309297912713
0 0.629755080771235 0.8913662239089184 0.03908285565398645 0.06546489563567362
2 0.2266805627931214 0.9032258064516129 0.2266805627931214 0.920303605313093 0.2324127149557061 0.9345351043643264 0.24387701928087546 0.9364326375711575 0.24908806670140698 0.9326375711574952 0.2542991141219385 0.9222011385199241 0.2563835330901511 0.9013282732447818 0.27931214174048985 0.8700189753320683 0.33402813965607087 0.8045540796963947 0.5966649296508598 0.47248576850094876 0.607608129233976 0.47343453510436434 0.614382490880667 0.4696394686907021 0.6190724335591454 0.45540796963946867 0.6164669098488796 0.43833017077798864 0.6091714434601355 0.4316888045540797 0.5997915581031787 0.43453510436432635 0.5951016154247004 0.4459203036053131 0.5919749869723815 0.4639468690702087 0.5825951016154247 0.476280834914611 0.310578426263679 0.8140417457305503 0.27357998957790514 0.8633776091081594 0.2501302761855133 0.889943074003795 0.23501823866597185 0.8870967741935484 0.22824387701928087 0.896584440227704