4 0.4943518020441097 0.5823045267489712 0.6777837547068316 0.6502057613168725
3 0.14685314685314685 0.9223251028806584 0.064550833781603 0.12448559670781893
3 0.14604626143087682 0.23868312757201646 0.061861215707369556 0.11316872427983539
3 0.8378160301237224 0.9233539094650206 0.061861215707369556 0.12448559670781893
3 0.49139322216245296 0.22993827160493827 0.05433028509951587 0.10185185185185185
0 0.7313071543840775 0.6208847736625515 0.022054868208714364 0.040123456790123455
3 0.4919311457772996 0.926954732510288 0.06078536847767617 0.10699588477366255
3 0.8375470683162991 0.23868312757201646 0.06132329209252286 0.11934156378600823
5 0.9647660032275417 0.09876543209876543 0.06831629908552986 0.12757201646090535
0 0.7305002689618074 0.5426954732510288 0.02151694459386767 0.040123456790123455
1 0.021785906401291015 0.5823045267489712 0.04249596557288865 0.5082304526748971
0 0.6955352339967724 0.5823045267489712 0.020441097364174286 0.03909465020576132
0 0.6952662721893491 0.543724279835391 0.019903173749327596 0.04218106995884774
0 0.6952662721893491 0.6198559670781894 0.022054868208714364 0.040123456790123455
0 0.6605701990317375 0.5797325102880658 0.019365250134480903 0.0360082304526749
0 0.7310381925766541 0.581275720164609 0.022592791823561054 0.0411522633744856
0 0.7315761161915008 0.6610082304526749 0.023668639053254437 0.04218106995884774
6 0.3246369015599785 0.8837448559670782 0.029585798816568046 0.047325102880658436
0 0.677799892415277 0.5619444444444445 0.018821947283485747 0.04800411522633744
0 0.6762990855298547 0.6042078189300412 0.01800430338891877 0.04904320987654321
0 0.7109467455621302 0.5207201646090535 0.021280258203335126 0.045915637860082306
0 0.7290909090909091 0.4980246913580247 0.02591715976331361 0.061049382716049386
0 0.7127218934911242 0.5627263374485597 0.020462614308768154 0.041224279835390946
0 0.7131307154384078 0.6031584362139918 0.025099515868746636 0.04904320987654321
0 0.7129962345346961 0.6388991769547325 0.024281871974179668 0.04539094650205761
2 0.32600699300699304 0.8919156378600823 0.6378165680473373 0.637082304526749 0.649284023668639 0.6496152263374486 0.658020979020979 0.6423045267489712 0.6935164066702528 0.6830360082304526 0.7006153846153846 0.6652818930041152 0.6667584722969337 0.6214166666666667 0.6634819795589026 0.5953065843621399 0.699522861753631 0.49713374485596706 0.6853249058633674 0.47833436213991765 0.6498300161377085 0.5838189300411523 0.6361780527165143 0.5900843621399177 0.6323555675094137 0.6141059670781892 0.3205465303926842 0.8731162551440329