5 0.5006305367378844 0.5928679962013295 0.3476498176133403 0.6430579297245964
6 0.3104273058884836 0.9130389363722696 0.02829077644606566 0.051557454890788224
2 0.7306618030224076 0.6729059829059829 0.029030745179781138 0.05426400759734093
5 0.9599478895257947 0.06715099715099715 0.07369984366857739 0.12074074074074075
4 0.5006305367378844 0.5833713200379866 0.758577384054195 0.6946153846153845
3 0.890343929129755 0.9375213675213676 0.0774205315268369 0.1249477682811016
3 0.5013757165190204 0.9497340930674264 0.0573215216258468 0.1005318138651472
3 0.11575820739968733 0.943627730294397 0.08114121938509641 0.11273504273504273
3 0.11315268368942157 0.2184235517568851 0.06699843668577384 0.13566951566951568
3 0.5021208963001563 0.19468186134852802 0.05285565398645128 0.1370275403608737
3 0.8910891089108911 0.2068945868945869 0.07593017196456488 0.15602089268755934
1 0.9636737884314747 0.5806552706552706 0.037967691505992704 0.5453846153846154
0 0.6892600312662845 0.5862298195631529 0.022032308494007297 0.044757834757834764
0 0.7100312662845232 0.5657359924026591 0.02226159458051068 0.045593542260208925
0 0.729656070870245 0.5416809116809117 0.023871808233454927 0.04601139601139601
0 0.7488223032829598 0.5213960113960113 0.023642522146951537 0.045593542260208925
0 0.7699374674309536 0.5027825261158594 0.026852527357998958 0.04768281101614435
0 0.7103751954142783 0.6083950617283951 0.022490880667014067 0.04392212725546059
0 0.7291974986972382 0.5870655270655271 0.02524752475247525 0.04308641975308642
0 0.748243877019281 0.565318138651472 0.025706096925482022 0.04392212725546059
0 0.7693642522146952 0.5469135802469136 0.02754038561750912 0.0464292497625831
0 0.770166753517457 0.58664767331434 0.024101094319958313 0.04392212725546059
0 0.7493955184992183 0.6071415004748338 0.026164669098488795 0.0464292497625831
0 0.73 0.6286799620132953 0.023642522146951537 0.04266856600189933
0 0.7490515893694633 0.649392212725546 0.023642522146951537 0.048100664767331436
0 0.7692496091714435 0.6288888888888889 0.025935383011985412 0.0464292497625831
0 0.7706253256904637 0.670303893637227 0.02915059927045336 0.048100664767331436
2 0.7514590932777488 0.6550360873694208 0.8074632621156852 0.5981490978157645 0.8014955706096926 0.5843456790123457 0.744803022407504 0.64332383665717