4 0.49973944762897343 0.5882352941176471 0.7597707139134966 0.7001897533206831
3 0.8903074517978113 0.9397533206831119 0.07034914017717561 0.11859582542694497
3 0.10865033871808233 0.22248576850094876 0.07139134966128191 0.12428842504743833
3 0.10943199583116206 0.9421252371916509 0.06982803543512246 0.11385199240986717
3 0.8913496612819176 0.22343453510436434 0.06618030224075039 0.11859582542694497
3 0.49817613340281397 0.9573055028462998 0.07087024491922876 0.08349146110056926
6 0.556539864512767 0.2666034155597723 0.03230849400729546 0.051233396584440226
3 0.49947889525794686 0.20967741935483872 0.060969254820218866 0.09867172675521822
0 0.5132881709223553 0.7983870967741935 0.031266284523189164 0.05977229601518026
0 0.6524231370505471 0.8956356736242884 0.03335070349140177 0.051233396584440226
5 0.9564877540385618 0.07210626185958255 0.0859822824387702 0.1442125237191651