4 0.5005211047420531 0.5906072106261859 0.7623762376237624 0.7011385199240987
3 0.8897863470557582 0.9407020872865275 0.06618030224075039 0.11669829222011385
3 0.8916102136529442 0.22248576850094876 0.06670140698280354 0.12239089184060721
3 0.10891089108910891 0.9440227703984819 0.06774361646690985 0.11005692599620494
3 0.1122980719124544 0.22248576850094876 0.07660239708181345 0.13946869070208728
3 0.49843668577384054 0.956831119544592 0.0672225117248567 0.08444022770398482
3 0.5005211047420531 0.20398481973434535 0.060969254820218866 0.10246679316888045
0 0.585461177696717 0.4473434535104364 0.0286607608129234 0.054079696394686905
6 0.6164669098488796 0.3761859582542694 0.03230849400729546 0.055977229601518026
0 0.8593017196456487 0.8467741935483871 0.026055237102657634 0.04838709677419355
0 0.7232933819697759 0.5417457305502846 0.030224075039082855 0.056925996204933584
0 0.4856696195935383 0.568785578747628 0.02918186555497655 0.05218216318785579
0 0.7459614382490881 0.8021821631878557 0.0297029702970297 0.061669829222011384
0 0.5958832725377801 0.9041745730550285 0.03178738926524231 0.04933586337760911
0 0.42470036477331946 0.6736242884250474 0.03230849400729546 0.05502846299810247
0 0.22199062011464304 0.3349146110056926 0.031266284523189164 0.056925996204933584
5 0.9554455445544554 0.07352941176470588 0.0880667014069828 0.14705882352941177