4 0.49947889525794686 0.5896584440227703 0.7592496091714435 0.6992409867172675
3 0.890568004168838 0.9388045540796964 0.06670140698280354 0.1204933586337761
3 0.8910891089108911 0.22485768500948766 0.06461698801459093 0.12144212523719165
3 0.10838978634705576 0.9430740037950665 0.06670140698280354 0.11195445920303605
3 0.49843668577384054 0.9558823529411765 0.0672225117248567 0.08633776091081594
3 0.5010422094841063 0.2030360531309298 0.05054715997915581 0.09487666034155598
0 0.8663366336633663 0.2893738140417457 0.026576341844710787 0.051233396584440226
3 0.10865033871808233 0.22248576850094876 0.06513809275664409 0.12618595825426945
6 0.4054194893173528 0.7210626185958254 0.03335070349140177 0.05502846299810247
0 0.720166753517457 0.8135673624288425 0.03230849400729546 0.054079696394686905
0 0.41896821261073475 0.2680265654648956 0.03230849400729546 0.05028462998102467
0 0.25534132360604483 0.4454459203036053 0.03647733194372069 0.0635673624288425
5 0.9546638874413758 0.06925996204933586 0.08858780614903596 0.13851992409867173
0 0.46221990620114645 0.8837760910815939 0.03647733194372069 0.055977229601518026