4 0.5006305367378844 0.5894681861348529 0.758577384054195 0.6959734093067427
3 0.11092235539343409 0.22045584045584043 0.07295466388744137 0.1478727445394112
3 0.503981240229286 0.2014624881291548 0.0744450234497134 0.13431149097815764
3 0.8892287649817614 0.22249762583095917 0.06476810838978635 0.14652421652421652
3 0.8895987493486192 0.9314245014245014 0.07295466388744137 0.1371604938271605
3 0.4984002084418968 0.9592307692307693 0.06476810838978635 0.08153846153846153
3 0.10943199583116206 0.9470180436847104 0.07295466388744137 0.10595441595441595
0 0.20844189682126107 0.3391642924976258 0.031266284523189164 0.04884140550807217
0 0.21104742053152684 0.26658119658119656 0.029030745179781138 0.0501994301994302
0 0.2761855132881709 0.2943969610636277 0.029775924960917143 0.059696106362773026
0 0.34616466909848875 0.41174738841405506 0.032756644085461174 0.07461538461538461
0 0.45633663366336635 0.29642924976258306 0.03424179260031266 0.055622032288698955
0 0.4630380406461699 0.5501329534662868 0.031266284523189164 0.06376068376068376
0 0.6149035956227201 0.483656220322887 0.03424179260031266 0.06376068376068376
0 0.7302918186555498 0.39207977207977207 0.025310057321521626 0.04884140550807217
0 0.7425742574257426 0.4999335232668565 0.03647733194372069 0.055622032288698955
0 0.6681292339760292 0.6946153846153845 0.02307972902553413 0.05698005698005698
0 0.14516414799374674 0.7699050332383666 0.032756644085461174 0.05833808167141501
0 0.16154247003647734 0.5609781576448244 0.0372225117248567 0.05833808167141501
0 0.2806513809275665 0.8764102564102564 0.0401980198019802 0.05698005698005698
6 0.8520062532569046 0.7319183285849953 0.03201146430432517 0.06105413105413106
5 0.9596873371547682 0.06580246913580247 0.08062011464304325 0.1315954415954416