4 0.4979155810317874 0.5863377609108159 0.7561229807191245 0.7001897533206831
3 0.8910891089108911 0.9454459203036053 0.06670140698280354 0.10721062618595825
3 0.10917144346013549 0.2215370018975332 0.07243355914538822 0.12618595825426945
3 0.4986972381448671 0.9558823529411765 0.06878582595101615 0.08633776091081594
3 0.10943199583116206 0.9421252371916509 0.07087024491922876 0.11385199240986717
3 0.8921313183949974 0.2215370018975332 0.06670140698280354 0.12618595825426945
1 0.9616988014590933 0.5906072106261859 0.045336112558624284 0.5550284629981025
3 0.49973944762897343 0.20635673624288425 0.05627931214174049 0.09582542694497154
6 0.6073475768629495 0.4497153700189753 0.03491401771756123 0.06261859582542695
0 0.5138092756644086 0.7983870967741935 0.03335070349140177 0.0635673624288425
5 0.955706096925482 0.07115749525616698 0.08754559666492966 0.14231499051233396
0 0.631578947368421 0.892314990512334 0.03230849400729546 0.055977229601518026
2 0.5951016154247004 0.4487666034155598 0.5956227201667535 0.4620493358633776 0.6034392912975508 0.476280834914611 0.6050026055237102 0.8595825426944972 0.5956227201667535 0.8766603415559773 0.5945805106826472 0.8842504743833017 0.5951016154247004 0.9022770398481973 0.6029181865554977 0.9155597722960152 0.6044815007816571 0.9231499051233396 0.6003126628452319 0.9876660341555977 0.5945805106826472 0.9933586337760911 0.5997915581031787 0.9990512333965844 0.6096925482021887 0.9990512333965844 0.6107347576862949 0.9278937381404174 0.6133402813965607 0.9155597722960152 0.6201146430432517 0.9136622390891841 0.6237623762376238 0.9193548387096774 0.6352266805627931 0.9184060721062619 0.6388744137571651 0.9165085388994307 0.6435643564356436 0.9060721062618596 0.6524231370505471 0.9003795066413662 0.6664929650859823 0.9022770398481973 0.6696195935383012 0.8994307400379506 0.6696195935383012 0.8956356736242884 0.6664929650859823 0.8908918406072106 0.648775403856175 0.889943074003795 0.6367899947889526 0.8681214421252372 0.6305367378843147 0.8662239089184061 0.6185513288170922 0.8700189753320683 0.6117769671704012 0.8614800759013282 0.6107347576862949 0.476280834914611 0.618030224075039 0.45920303605313095 0.6185513288170922 0.4468690702087287 0.6133402813965607 0.4335863377609108 0.6055237102657635 0.4307400379506641 0.600833767587285 0.4335863377609108