3 0.8933246482542991 0.9524501424501424 0.05211047420531527 0.0950997150997151
3 0.5002605523710266 0.967369420702754 0.041688379364252216 0.06525166191832858
3 0.5002605523710266 0.20553656220322888 0.04615424700364773 0.07461538461538461
3 0.8944398124022929 0.22045584045584043 0.04987493486190724 0.10446343779677113
0 0.6903282959874935 0.5858974358974359 0.021490359562272018 0.04128205128205128
0 0.7108025013027618 0.5644634377967711 0.02178217821782178 0.04075023741690408
0 0.7293903074517978 0.5435517568850903 0.02178217821782178 0.04128205128205128
0 0.7103699843668577 0.6073314339981006 0.022652423137050546 0.042867996201329535
0 0.750010422094841 0.6083950617283951 0.02236060448150078 0.04393162393162393
0 0.7700468994267848 0.6287654320987655 0.02236060448150078 0.04128205128205128
0 0.7697602918186556 0.5462013295346628 0.02410630536737884 0.04128205128205128
0 0.7696143824908808 0.6713770180436848 0.022652423137050546 0.04498575498575498
0 0.7699062011464305 0.5028015194681862 0.02439291297550808 0.04445394112060779
4 0.4972798332464825 0.5874358974358975 0.7503908285565398 0.6891927825261159
0 0.7494267847837416 0.5245014245014245 0.02119854090672225 0.042345679012345684
0 0.7700468994267848 0.5856315289648623 0.02178217821782178 0.04181386514719848
0 0.7498645127670662 0.6494112060778728 0.020328295987493486 0.04128205128205128
0 0.7301146430432517 0.6269135802469136 0.02323606044815008 0.046049382716049386
0 0.7288118811881188 0.5866951566951567 0.020036477331943723 0.037578347578347576
0 0.750156331422616 0.5647293447293447 0.021490359562272018 0.03599240265906933
5 0.9599478895257947 0.06580246913580247 0.06774361646690985 0.11803418803418804
2 0.7302918186555498 0.6695156695156695 0.026800416883793643 0.04748338081671415
2 0.8144121938509641 0.5711576448243114 0.8211120375195414 0.5847236467236467 0.7528634705575821 0.6518148148148148 0.7466878582595101 0.6483893637226971
6 0.3106878582595102 0.9136562203228871 0.0260656591974987 0.042070275403608734
3 0.11017717561229808 0.22045584045584043 0.053600833767587286 0.10174738841405508
3 0.10831683168316833 0.9531244064577398 0.048389786347055756 0.09374169040835707
2 0.32085148514851486 0.8994710351377019 0.7302912975508078 0.6606970560303894 0.7563465346534654 0.7393836657169991 0.7496461698801459 0.7556638176638177 0.725824387701928 0.6810474833808168 0.32010734757686293 0.9184643874643875