4 0.5005211047420531 0.5868945868945868 0.7592496091714435 0.691358024691358
3 0.8884835852006253 0.9344729344729344 0.08025013027618551 0.1291547958214625
3 0.8910891089108911 0.22032288698955366 0.06670140698280354 0.1291547958214625
3 0.10969254820218864 0.9382716049382716 0.08077123501823867 0.12155745489078823
3 0.10734757686294945 0.2174738841405508 0.07191245440333507 0.13295346628679963
0 0.3778009379885357 0.4188034188034188 0.0385617509119333 0.060778727445394115
3 0.49843668577384054 0.946343779677113 0.068264721208963 0.10541310541310542
5 0.9611776967170401 0.06837606837606838 0.07660239708181345 0.13675213675213677
3 0.5039082855653987 0.20750237416904083 0.06044815007816571 0.11870845204178537
0 0.2894736842105263 0.28347578347578345 0.0286607608129234 0.04843304843304843
0 0.7342365815528922 0.4724596391263058 0.030224075039082855 0.057929724596391265
0 0.36633663366336633 0.5925925925925926 0.04273058884835852 0.06647673314339982
6 0.41010943199583116 0.8746438746438746 0.0385617509119333 0.055080721747388414
0 0.38226680562793125 0.47280151946818616 0.0409431995831162 0.06647673314339982