4 0.5002605523710266 0.587561669829222 0.7578374153204794 0.6980170777988615
3 0.10831683168316833 0.21347248576850095 0.06923397602918187 0.13960151802656545
3 0.5065867639395518 0.2094022770398482 0.06625325690463783 0.09894686907020873
3 0.892579468473163 0.2175426944971537 0.06550807712350182 0.1287571157495256
3 0.8907191245440333 0.9445635673624289 0.06774361646690985 0.11087286527514231
3 0.5006305367378844 0.9554079696394687 0.06476810838978635 0.08918406072106262
3 0.10757165190203231 0.9479506641366223 0.06476810838978635 0.10408918406072105
5 0.9559666492965087 0.06708728652751422 0.0880667014069828 0.13418406072106262
1 0.9621834288692027 0.5828178368121442 0.04689942678478374 0.5611290322580644
0 0.4172537780093799 0.4127134724857685 0.03945284002084418 0.060996204933586345
0 0.49355914538822304 0.6499051233396584 0.029775924960917143 0.06370018975332069
6 0.8497707139134967 0.4804838709677419 0.03498697238144867 0.06641366223908918
2 0.8494007295466389 0.48793738140417453 0.4972829598749348 0.6248301707779886 0.4980270974465868 0.7251290322580645 0.4861162063574778 0.7251290322580645 0.48686086503387177 0.6234753320683112 0.4116727462219906 0.6234753320683112 0.4086951537258989 0.5990787476280834 0.48760500260552375 0.5963671726755219 0.8449343408025013 0.4676062618595826