4 0.4989577905158937 0.5887939221272555 0.7582073996873372 0.6951566951566952
3 0.10943199583116206 0.9425451092117759 0.08025013027618551 0.11301044634377967
3 0.8892652423137051 0.9401709401709402 0.07034914017717561 0.1177587844254511
3 0.1122980719124544 0.2198480531813865 0.07451797811360084 0.13580246913580246
3 0.8903074517978113 0.2174738841405508 0.060969254820218866 0.12345679012345678
3 0.5010422094841063 0.21035137701804368 0.06409588327253778 0.11301044634377967
5 0.9590932777488275 0.07264957264957266 0.07972902553413236 0.1452991452991453
0 0.6133402813965607 0.48100664767331436 0.03647733194372069 0.06172839506172839
3 0.49947889525794686 0.9558404558404558 0.06201146430432517 0.08641975308641975
6 0.713392391870766 0.41690408357075026 0.030224075039082855 0.05318138651471985
0 0.45544554455445546 0.29534662867996203 0.03647733194372069 0.055080721747388414
0 0.15971860343929128 0.5584045584045584 0.024491922876498175 0.04748338081671415
0 0.1422615945805107 0.7644824311490979 0.026055237102657634 0.04938271604938271
0 0.7394476289734236 0.3803418803418803 0.028139656070870246 0.05413105413105413
0 0.6664929650859823 0.6951566951566952 0.02918186555497655 0.05887939221272555
0 0.21782178217821782 0.301994301994302 0.03335070349140177 0.05887939221272555
0 0.1331422615945805 0.3570750237416904 0.027618551328817093 0.05887939221272555
0 0.7399687337154768 0.4928774928774929 0.02501302761855133 0.04748338081671415
0 0.27800937988535696 0.8784425451092118 0.026576341844710787 0.04748338081671415
0 0.27488275143303803 0.2972459639126306 0.02553413236060448 0.045584045584045586
0 0.19913496612819176 0.2699810066476733 0.03350182386659719 0.06240265906932573