4 0.49973944762897343 0.5878442545109211 0.7597707139134966 0.6970560303893637
3 0.8892652423137051 0.936372269705603 0.07764460656591975 0.12535612535612536
3 0.8910891089108911 0.21937321937321938 0.06670140698280354 0.12725546058879392
3 0.10708702449192288 0.2174738841405508 0.07034914017717561 0.1291547958214625
3 0.11021365294424179 0.9373219373219374 0.08181344450234497 0.12345679012345678
3 0.49504950495049505 0.9401709401709402 0.06461698801459093 0.1177587844254511
5 0.9611776967170401 0.06837606837606838 0.07660239708181345 0.13675213675213677
0 0.37832204273058884 0.4202279202279202 0.03751954142782699 0.05982905982905983
3 0.5041688379364252 0.20845204178537513 0.05992704533611256 0.12060778727445394
0 0.29025534132360603 0.28442545109211775 0.028139656070870246 0.04843304843304843
0 0.7329338196977593 0.47293447293447294 0.030745179781136008 0.060778727445394115
6 0.5760812923397602 0.6604938271604939 0.030745179781136008 0.05982905982905983
0 0.3676393955184992 0.5916429249762583 0.042209484106305366 0.06647673314339982
0 0.6357477853048463 0.43304843304843305 0.030224075039082855 0.05318138651471985
0 0.3818968212610735 0.4721177587844254 0.02829077644606566 0.06240265906932573