4 0.4998905680041688 0.5874358974358975 0.7600677436164669 0.6946153846153845
3 0.49765502866076083 0.20417853751187084 0.06774361646690985 0.10174738841405508
3 0.892579468473163 0.21978157644824312 0.059557060969254824 0.13295346628679963
0 0.45633663366336635 0.2943969610636277 0.02829077644606566 0.043409306742640076
6 0.5523710265763419 0.5494491927825261 0.032756644085461174 0.06511870845204178
2 0.5523710265763419 0.55759069325736 0.13027618551328818 0.8831908831908832 0.12506513809275666 0.8614843304843305 0.5479046378322043 0.5358841405508071
0 0.7422042730588848 0.4972174738841406 0.041688379364252216 0.06105413105413106
0 0.7295466388744137 0.388005698005698 0.029775924960917143 0.051557454890788224
1 0.9640437727983324 0.5887939221272555 0.05657634184471078 0.5725166191832859
5 0.9578269932256384 0.06850902184235518 0.0843460135487233 0.13701804368471035
5 0.27730067743616466 0.29847103513770185 0.030521104742053152 0.04884140550807217
0 0.21030224075039083 0.2652326685660019 0.030521104742053152 0.0501994301994302
0 0.2088118811881188 0.3337416904083571 0.030521104742053152 0.06783475783475784
0 0.16154247003647734 0.560303893637227 0.029775924960917143 0.051557454890788224
0 0.14255862428348098 0.7644824311490979 0.029030745179781138 0.0447673314339981
0 0.2802813965607087 0.8825166191832858 0.04392391870766024 0.052905982905982904
0 0.585872850442939 0.8323171889838556 0.0372225117248567 0.06647673314339982
0 0.6662688900468994 0.6912250712250713 0.025310057321521626 0.06105413105413106
0 0.8520062532569046 0.8092497625830959 0.029030745179781138 0.06105413105413106
0 0.4630380406461699 0.5508072174738842 0.029775924960917143 0.051557454890788224