4 0.4986972381448671 0.5834914611005693 0.7618551328817093 0.6850094876660342
3 0.11021365294424179 0.22248576850094876 0.07660239708181345 0.13377609108159394
3 0.5002605523710266 0.2054079696394687 0.06565919749869724 0.1015180265654649
3 0.892391870766024 0.2215370018975332 0.06618030224075039 0.12428842504743833
3 0.8913496612819176 0.9430740037950665 0.06618030224075039 0.11005692599620494
3 0.10995310057321521 0.9397533206831119 0.07295466388744137 0.11859582542694497
0 0.5409067222511725 0.43595825426944973 0.03230849400729546 0.061669829222011384
0 0.5779051589369463 0.2893738140417457 0.031266284523189164 0.05313092979127135
1 0.9614382490880667 0.594876660341556 0.04585721730067743 0.5578747628083491
0 0.5432516935904117 0.7798861480075902 0.03699843668577384 0.058823529411764705
6 0.2910369984366858 0.9108159392789373 0.03491401771756123 0.04933586337760911
0 0.1829077644606566 0.41413662239089183 0.03230849400729546 0.05787476280834915
5 0.9554455445544554 0.07210626185958255 0.0880667014069828 0.1442125237191651
0 0.8058884835852006 0.573055028462998 0.033871808233454925 0.056925996204933584
2 0.2955409067222512 0.9216593927893738 0.7905904116727462 0.5597722960151803 0.8211120375195414 0.6424506641366224 0.8367451797811359 0.6234753320683112 0.8084570088587807 0.5516404174573055 0.8687561229807191 0.4716726755218216 0.8523783220427306 0.43914326375711576 0.7891016154247004 0.5326650853889943 0.28586294945284 0.893196394686907