3 0.14631522323830015 0.23765432098765432 0.062399139322216246 0.11934156378600823
3 0.8372781065088757 0.9223251028806584 0.06401291016675632 0.12448559670781893
5 0.9647660032275417 0.10030864197530864 0.06724045185583648 0.13065843621399176
3 0.8375470683162991 0.2412551440329218 0.055944055944055944 0.12242798353909465
3 0.492200107584723 0.9367283950617284 0.052716514254975796 0.10185185185185185
3 0.49058633674018287 0.2294238683127572 0.05056481979558903 0.09876543209876543
3 0.14577729962345348 0.9233539094650206 0.06670252824098978 0.12037037037037036
6 0.7019903173749328 0.4104938271604938 0.0322754168908015 0.047325102880658436
0 0.8004303388918773 0.529835390946502 0.02689618074233459 0.047325102880658436
0 0.6670252824098978 0.39197530864197533 0.031199569661108123 0.047325102880658436
0 0.17724583109198494 0.7808641975308642 0.03173749327595481 0.05555555555555555
0 0.2781065088757396 0.7566872427983539 0.0322754168908015 0.05452674897119342
0 0.16729424421732114 0.38425925925925924 0.03550295857988166 0.05246913580246913
0 0.34023668639053256 0.6702674897119342 0.038192576654115115 0.056584362139917695
0 0.3375470683162991 0.6090534979423868 0.03496503496503497 0.053497942386831275