4 0.4986972381448671 0.5891840607210627 0.7618551328817093 0.698292220113852
3 0.10917144346013549 0.9407020872865275 0.07034914017717561 0.11669829222011385
3 0.890568004168838 0.9416508538899431 0.06982803543512246 0.11480075901328274
3 0.1122980719124544 0.22248576850094876 0.07660239708181345 0.13946869070208728
3 0.8918707660239709 0.22343453510436434 0.0672225117248567 0.12428842504743833
3 0.4992183428869203 0.9573055028462998 0.06565919749869724 0.08349146110056926
3 0.5005211047420531 0.2030360531309298 0.053673788431474724 0.10246679316888045
0 0.5852006253256905 0.4497153700189753 0.02918186555497655 0.06072106261859583
6 0.8434080250130276 0.4454459203036053 0.03178738926524231 0.06925996204933586
0 0.1354872329338197 0.786527514231499 0.028139656070870246 0.051233396584440226
0 0.5961438249088067 0.9055977229601518 0.034392912975508075 0.05218216318785579
0 0.4856696195935383 0.5697343453510436 0.028139656070870246 0.05218216318785579
0 0.42496091714434603 0.6740986717267552 0.03178738926524231 0.054079696394686905
0 0.22199062011464304 0.3349146110056926 0.031266284523189164 0.056925996204933584
0 0.3103178738926524 0.9055977229601518 0.03178738926524231 0.04838709677419355
5 0.9559666492965087 0.07352941176470588 0.08702449192287649 0.14705882352941177