4 0.5002605523710266 0.5830959164292497 0.7535174570088587 0.6932573599240266
3 0.890568004168838 0.9444444444444444 0.07920792079207921 0.10921177587844255
3 0.10838978634705576 0.21937321937321938 0.08025013027618551 0.14055080721747387
5 0.9611776967170401 0.06742640075973409 0.07660239708181345 0.13485280151946819
3 0.8910891089108911 0.21652421652421652 0.06670140698280354 0.13105413105413105
6 0.3590411672746222 0.26495726495726496 0.031266284523189164 0.05128205128205128
3 0.4989577905158937 0.20987654320987653 0.05680041688379364 0.1120607787274454
0 0.3952579468473163 0.7037037037037037 0.033871808233454925 0.05318138651471985
1 0.962480458572173 0.5864197530864198 0.0385617509119333 0.5422602089268755
0 0.7389265242313705 0.8266856600189934 0.02709744658676394 0.052231718898385564
0 0.7295466388744137 0.7815764482431149 0.030224075039082855 0.045584045584045586
3 0.10838978634705576 0.9515669515669516 0.05211047420531527 0.09306742640075974
0 0.5187597707139135 0.5223171889838556 0.024491922876498175 0.04938271604938271
0 0.18316831683168316 0.49477682811016144 0.033871808233454925 0.06267806267806268
0 0.3999478895257947 0.5289648622981956 0.03178738926524231 0.05318138651471985
0 0.3538301198540907 0.8822412155745489 0.02918186555497655 0.055080721747388414
0 0.3030224075039083 0.2606837606837607 0.03178738926524231 0.050332383665717
3 0.49947889525794686 0.9558404558404558 0.06201146430432517 0.08641975308641975
0 0.8574778530484627 0.6191832858499525 0.02553413236060448 0.055080721747388414
0 0.45831162063574776 0.4681861348528015 0.026576341844710787 0.04748338081671415
2 0.3564356435643564 0.27730294396961064 0.5044293903074518 0.5052231718898386 0.5471599791558103 0.6419753086419753 0.5586242834809797 0.6286799620132953 0.5148514851485149 0.49952516619183285 0.5554976550286608 0.4577397910731244 0.5429911412193851 0.42924976258309594 0.5065138092756644 0.47863247863247865 0.3699843668577384 0.2564102564102564