5 0.957342365815529 0.06647673314339982 0.06402292860865035 0.12209876543209876
0 0.2088118811881188 0.2645489078822412 0.03647733194372069 0.05426400759734093
0 0.3644033350703491 0.30796771130104467 0.03945284002084418 0.06240265906932573
0 0.5758207399687337 0.41174738841405506 0.030521104742053152 0.055622032288698955
0 0.7619280875455967 0.2645489078822412 0.03201146430432517 0.05698005698005698
0 0.1808963001563314 0.7529534662867996 0.029775924960917143 0.04884140550807217
0 0.2374726420010422 0.8696201329534663 0.031266284523189164 0.05426400759734093
0 0.29889004689942683 0.871661918328585 0.02754559666492965 0.05833808167141501
0 0.49095362167795725 0.8309591642924976 0.0200990099009901 0.05833808167141501
0 0.6588275143303803 0.8065432098765432 0.03573215216258468 0.05833808167141501
0 0.6852527357998958 0.5331718898385565 0.026055237102657634 0.051557454890788224
0 0.41316310578426263 0.5094301994301994 0.02829077644606566 0.06647673314339982
0 0.4712298071912454 0.6240645773979108 0.02829077644606566 0.05426400759734093
4 0.5013757165190204 0.581329534662868 0.7526263678999479 0.6851187084520417
6 0.771235018238666 0.556229819563153 0.025310057321521626 0.04612535612535613
3 0.10906201146430432 0.21639126305792974 0.05285565398645128 0.09632478632478633
3 0.11129233976029182 0.9469515669515669 0.05583116206357478 0.0949667616334283
3 0.4995153725898906 0.9639791073124407 0.04913496612819177 0.07204178537511871
3 0.8873684210526315 0.9489933523266856 0.059557060969254824 0.10174738841405508
3 0.8922042730588848 0.2184235517568851 0.05285565398645128 0.1085375118708452
3 0.4995153725898906 0.2028205128205128 0.047644606565919755 0.08004748338081671