4 0.501823866597186 0.5878442545109211 0.7576862949452841 0.6932573599240266
0 0.1849921834288692 0.4976258309591643 0.030224075039082855 0.060778727445394115
0 0.303804064616988 0.26020892687559355 0.0385617509119333 0.05318138651471985
6 0.36425221469515373 0.2716049382716049 0.034392912975508075 0.05318138651471985
0 0.45961438249088066 0.47293447293447294 0.041688379364252216 0.05698005698005698
0 0.4038561750911933 0.5232668566001899 0.04064616988014591 0.05887939221272555
0 0.3944762897342366 0.7027540360873694 0.03230849400729546 0.06837606837606838
0 0.35487232933819696 0.8831908831908832 0.04064616988014591 0.060778727445394115
0 0.7394476289734236 0.8281101614434948 0.04689942678478374 0.060778727445394115
0 0.7279833246482543 0.7758784425451092 0.04273058884835852 0.06267806267806268
0 0.8572173006774362 0.6220322886989553 0.04064616988014591 0.07027540360873694
0 0.5226680562793121 0.5194681861348528 0.04689942678478374 0.05128205128205128
5 0.9564877540385618 0.07122507122507123 0.08702449192287649 0.14245014245014245
3 0.11255862428348098 0.2241215574548908 0.07920792079207921 0.14055080721747387
3 0.5070349140177176 0.2117758784425451 0.08650338718082334 0.11585944919278253
3 0.8931735278791036 0.21557454890788225 0.0583637311099531 0.13865147198480532
3 0.8921313183949974 0.9377967711301045 0.09379885356956748 0.12440645773979107
3 0.49765502866076083 0.9520417853751187 0.06357477853048463 0.09591642924976258
3 0.1156852527357999 0.939696106362773 0.08337675872850443 0.12060778727445394