3 0.5010057321521626 0.20756885090218422 0.043178738926524234 0.07597340930674264
3 0.8933246482542991 0.21706552706552706 0.053600833767587286 0.1085375118708452
3 0.892579468473163 0.9510921177587844 0.061042209484106304 0.09781576448243115
3 0.5032360604481501 0.9680531813865147 0.05211047420531527 0.06390313390313392
3 0.10943199583116206 0.9538081671415005 0.05211047420531527 0.09239316239316239
6 0.30410109431995835 0.8268850902184236 0.026055237102657634 0.052905982905982904
0 0.3640281396560709 0.30796771130104467 0.020844189682126108 0.04612535612535613
0 0.575450755601876 0.4131054131054131 0.02829077644606566 0.052905982905982904
0 0.6852527357998958 0.5318138651471985 0.02307972902553413 0.05698005698005698
0 0.7619280875455967 0.2679392212725546 0.03647733194372069 0.06647673314339982
0 0.7805419489317352 0.5894681861348529 0.029030745179781138 0.06105413105413106
0 0.6565919749869724 0.8092497625830959 0.03424179260031266 0.05833808167141501
0 0.49095362167795725 0.8363817663817664 0.024564877540385617 0.06105413105413106
0 0.4719697759249609 0.6288129154795822 0.025310057321521626 0.0501994301994302
0 0.4105575820739969 0.5067141500474834 0.026055237102657634 0.05833808167141501
5 0.9592027097446587 0.06715099715099715 0.06923397602918187 0.12345679012345678