4 0.4986972381448671 0.584045584045584 0.7576862949452841 0.6951566951566952
3 0.10838978634705576 0.22269705603038936 0.08025013027618551 0.14150047483380818
3 0.49947889525794686 0.20655270655270655 0.07139134966128191 0.10731244064577398
5 0.9614382490880667 0.06552706552706553 0.0760812923397603 0.1291547958214625
3 0.8910891089108911 0.21652421652421652 0.06670140698280354 0.13105413105413105
1 0.9622199062011464 0.5759734093067427 0.03908285565398645 0.5346628679962013
3 0.4992183428869203 0.9648622981956315 0.04585721730067743 0.06837606837606838
0 0.45883272537780095 0.4700854700854701 0.03178738926524231 0.055080721747388414
0 0.7391870766023971 0.8243114909781576 0.026576341844710787 0.055080721747388414
0 0.39551849921834287 0.704653371320038 0.03230849400729546 0.05128205128205128
0 0.1839499739447629 0.49382716049382713 0.03751954142782699 0.06837606837606838
0 0.30354351224596143 0.26163342830009495 0.03491401771756123 0.06742640075973409
3 0.10865033871808233 0.9515669515669516 0.05263157894736842 0.09306742640075974
6 0.801980198019802 0.7825261158594492 0.02501302761855133 0.05128205128205128
0 0.3999478895257947 0.5280151946818613 0.03178738926524231 0.055080721747388414
0 0.8569567483064096 0.6196581196581197 0.02553413236060448 0.05413105413105413
3 0.8918707660239709 0.9510921177587844 0.053673788431474724 0.09401709401709402
0 0.35409067222511725 0.8827160493827161 0.027618551328817093 0.050332383665717
2 0.7245961438249088 0.7668566001899335 0.16310578426263678 0.0788224121557455