5 0.49973944762897343 0.5896584440227703 0.36164669098488794 0.6461100569259962
4 0.5002605523710266 0.5915559772296015 0.7701928087545596 0.7030360531309298
3 0.1112558624283481 0.9378557874762808 0.07347576862949452 0.12239089184060721
3 0.49843668577384054 0.956831119544592 0.07451797811360084 0.08444022770398482
3 0.11021365294424179 0.2215370018975332 0.07556018759770713 0.12998102466793168
3 0.890568004168838 0.9388045540796964 0.06774361646690985 0.1204933586337761
3 0.5 0.20635673624288425 0.06618030224075039 0.10341555977229601
3 0.8918707660239709 0.2215370018975332 0.06618030224075039 0.12618595825426945
6 0.2907764460656592 0.9108159392789373 0.03335070349140177 0.051233396584440226
0 0.57686294945284 0.2860531309297913 0.03335070349140177 0.04838709677419355
0 0.8061490359562272 0.5740037950664136 0.03647733194372069 0.058823529411764705
1 0.9616988014590933 0.5839658444022771 0.045336112558624284 0.5531309297912713
5 0.9554455445544554 0.0730550284629981 0.0880667014069828 0.1442125237191651
0 0.18316831683168316 0.41413662239089183 0.0297029702970297 0.054079696394686905
2 0.6717040125065138 0.6233396584440227 0.6701406982803544 0.6347248576850095 0.6753517457008859 0.6347248576850095 0.7754038561750912 0.5588235294117647 0.7816571130797291 0.5569259962049335 0.7910369984366857 0.5683111954459203 0.7941636268890047 0.5891840607210627 0.7988535695674831 0.5977229601518027 0.8108389786347056 0.6005692599620494 0.8212610734757686 0.6309297912713473 0.8264721208963002 0.6347248576850095 0.8285565398645127 0.6261859582542695 0.8181344450234497 0.5929791271347249 0.8202188639916623 0.5815939278937381 0.8196977592496092 0.5664136622390892 0.8160500260552371 0.5559772296015181 0.8097967691505993 0.5493358633776091 0.8092756644085461 0.5373178368121442 0.8124022928608651 0.5256166982922201 0.8488796248045857 0.4857685009487666 0.8572173006774362 0.47533206831119545 0.8593017196456487 0.46774193548387094 0.8572173006774362 0.4639468690702087 0.853048462741011 0.4648956356736243 0.8113600833767587 0.5123339658444023 0.8025013027618552 0.5170777988614801 0.79833246482543 0.5132827324478179 0.7868681605002605 0.5161290322580645 0.7816571130797291 0.5246679316888045 0.7774882751433038 0.5445920303605313