4 0.49947889525794686 0.5906072106261859 0.7634184471078687 0.7011385199240987
3 0.10865033871808233 0.2215370018975332 0.07139134966128191 0.12428842504743833
3 0.10917144346013549 0.9421252371916509 0.06930693069306931 0.11385199240986717
3 0.890568004168838 0.9416508538899431 0.06774361646690985 0.11480075901328274
3 0.4986972381448671 0.952561669829222 0.06670140698280354 0.09297912713472485
3 0.5010422094841063 0.20398481973434535 0.053673788431474724 0.0967741935483871
3 0.8921313183949974 0.22343453510436434 0.06565919749869724 0.12428842504743833
6 0.2180823345492444 0.5972485768500949 0.033871808233454925 0.055977229601518026
0 0.7253778009379885 0.40654648956356737 0.031266284523189164 0.05787476280834915
0 0.7204273058884836 0.5355787476280834 0.026576341844710787 0.05218216318785579
0 0.49088066701406985 0.650853889943074 0.03335070349140177 0.05502846299810247
0 0.7053152683689422 0.5882352941176471 0.02553413236060448 0.05502846299810247
5 0.9551849921834289 0.07352941176470588 0.08858780614903596 0.14705882352941177