4 0.49973944762897343 0.5878442545109211 0.7545596664929651 0.6856600189933523
5 0.9611776967170401 0.06552706552706553 0.07347576862949452 0.1291547958214625
3 0.10865033871808233 0.9529914529914529 0.04637832204273059 0.09021842355175688
5 0.4893173527879104 0.2914150047483381 0.1948931735278791 0.34215574548907884
6 0.49088066701406985 0.2910731244064577 0.02501302761855133 0.050332383665717
3 0.8908285565398645 0.2174738841405508 0.045336112558624284 0.09306742640075974
3 0.11255862428348098 0.2184235517568851 0.06670140698280354 0.12535612535612536
0 0.4931891610213653 0.2475878442545109 0.0409431995831162 0.06919278252611585
3 0.5002605523710266 0.20078822412155747 0.059557060969254824 0.1031054131054131
3 0.5002605523710266 0.9490598290598291 0.06699843668577384 0.10188983855650523
3 0.8981605002605524 0.9409211775878442 0.11092235539343409 0.11816714150047485