4 0.4998905680041688 0.588119658119658 0.7600677436164669 0.6932573599240266
3 0.11166753517457008 0.21978157644824312 0.07593017196456488 0.13566951566951568
3 0.5010057321521626 0.21231718898385565 0.05806670140698281 0.11531813865147199
3 0.8914590932777489 0.2150332383665717 0.05881188118811881 0.12887939221272554
3 0.8884835852006253 0.9415954415954416 0.07071912454403335 0.1168091168091168
3 0.5006305367378844 0.9578727445394112 0.06327774882751433 0.08424501424501424
3 0.10831683168316833 0.943627730294397 0.08412193850964045 0.11273504273504273
6 0.8531995831162064 0.7314814814814815 0.030521104742053152 0.05698005698005698
0 0.7322459614382492 0.3916429249762583 0.03201146430432517 0.06511870845204178
5 0.9503856175091193 0.0698670465337132 0.09922876498176132 0.1397340930674264
0 0.4546586763939552 0.29318138651471987 0.0372225117248567 0.059696106362773026
0 0.19967691505992705 0.2691263057929724 0.03498697238144867 0.05426400759734093
0 0.2750651380927567 0.29666666666666663 0.024564877540385617 0.04527065527065527
0 0.27708181344450233 0.8790218423551757 0.024523189161021367 0.04554605887939221
0 0.14402292860865035 0.7646058879392212 0.02433559145388223 0.045802469135802465
0 0.4609796769150599 0.547283950617284 0.02433559145388223 0.04544159544159544
0 0.7418811881188119 0.4938366571699905 0.02381969775924961 0.0432383665716999
0 0.15938509640437729 0.5592307692307692 0.02447628973423658 0.045716999050332385
0 0.6136842105263158 0.47951566951566954 0.03573215216258468 0.059696106362773026
0 0.21683689421573737 0.3042260208926876 0.03647733194372069 0.06105413105413106
0 0.14483064095883272 0.3485375118708452 0.028144867118290777 0.062440645773979106
0 0.6677592496091714 0.6952896486229819 0.02829077644606566 0.05833808167141501