4 0.4989577905158937 0.5906932573599241 0.7602918186555497 0.7008547008547008
3 0.8910891089108911 0.21937321937321938 0.06253256904637833 0.12725546058879392
3 0.1122980719124544 0.21937321937321938 0.07451797811360084 0.13485280151946819
3 0.10943199583116206 0.9434947768281101 0.07920792079207921 0.1111111111111111
5 0.958832725377801 0.07027540360873694 0.08025013027618551 0.14055080721747387
6 0.8527879103699844 0.7326685660018993 0.03178738926524231 0.05982905982905983
3 0.5010422094841063 0.20892687559354226 0.06305367378843148 0.11585944919278253
0 0.6133402813965607 0.4829059829059829 0.03751954142782699 0.06362773029439696
0 0.6646690984887963 0.6927825261158594 0.03282959874934862 0.057929724596391265
0 0.7308494007295466 0.38936372269705605 0.0297029702970297 0.05698005698005698
3 0.8884835852006253 0.9382716049382716 0.06982803543512246 0.12155745489078823
3 0.49947889525794686 0.9558404558404558 0.06201146430432517 0.08641975308641975
0 0.4546638874413757 0.2939221272554606 0.03491401771756123 0.05413105413105413
1 0.9614382490880667 0.5887939221272555 0.04585721730067743 0.5527065527065527
0 0.15997915581031788 0.5593542260208927 0.02709744658676394 0.05128205128205128
0 0.2180823345492444 0.30151946818613484 0.03178738926524231 0.0560303893637227
0 0.14200104220948412 0.7644824311490979 0.026576341844710787 0.05128205128205128
0 0.13340281396560708 0.3570750237416904 0.02709744658676394 0.05887939221272555
0 0.46221990620114645 0.5498575498575499 0.028139656070870246 0.04938271604938271
0 0.7402292860865034 0.4976258309591643 0.03699843668577384 0.060778727445394115
0 0.2782699322563835 0.8798670465337132 0.02709744658676394 0.04843304843304843
0 0.27488275143303803 0.2972459639126306 0.02553413236060448 0.045584045584045586
2 0.8523783220427306 0.7244605887939221 0.49132725377800934 0.5494501424501425 0.4972829598749348 0.48297340930674265 0.4861162063574778 0.47619088319088315 0.4809051589369463 0.5480940170940172 0.37817300677436166 0.518246913580247 0.3789176654507556 0.5440237416904083 0.48388275143303805 0.5684434947768281 0.8516341844710787 0.7475242165242165
0 0.20025534132360606 0.2720132953466287 0.031266284523189164 0.055622032288698955