4 0.5002605523710266 0.618641975308642 0.8010109431995832 0.72988603988604
0 0.1935539343408025 0.2855745489078822 0.03871287128712872 0.06105413105413106
0 0.3569567483064096 0.329667616334283 0.026055237102657634 0.0705508072174739
0 0.4072068785825951 0.5345299145299145 0.032756644085461174 0.059696106362773026
0 0.16154247003647734 0.7929724596391263 0.031266284523189164 0.05833808167141501
0 0.2218394997394476 0.9184615384615384 0.02829077644606566 0.06511870845204178
0 0.2862376237623762 0.924567901234568 0.03350182386659719 0.06376068376068376
0 0.4898384575299635 0.8831908831908832 0.032756644085461174 0.07325735992402659
0 0.6673840541948932 0.8553751187084521 0.03201146430432517 0.06647673314339982
0 0.7954299114121939 0.6267806267806267 0.0409431995831162 0.05698005698005698
0 0.6967899947889526 0.5664102564102563 0.029775924960917143 0.052905982905982904
0 0.7768160500260552 0.2828679962013296 0.03201146430432517 0.055622032288698955
0 0.46899426784783743 0.6613770180436847 0.02829077644606566 0.052905982905982904
0 0.5802866076081292 0.43413105413105413 0.029030745179781138 0.059696106362773026
6 0.2940541948931735 0.8641975308641975 0.032756644085461174 0.059696106362773026
3 0.08672746221990621 0.23063627730294398 0.054346013548723295 0.10582146248812917
3 0.08821782178217821 0.9558404558404558 0.060297029702970295 0.08831908831908832
3 0.9141688379364252 0.23334283000949668 0.05657634184471078 0.12209876543209876
3 0.9089577905158936 0.9680531813865147 0.059557060969254824 0.06390313390313392
2 0.48164981761334025 0.6457739791073125 0.5523710265763419 0.5765840455840456 0.5583267326732674 0.59964767331434 0.48686086503387177 0.6606970560303894
2 0.44852006253256904 0.6844349477682812 0.030521104742053152 0.052905982905982904
5 0.9760656591974987 0.0705508072174739 0.04786868160500261 0.12753086419753085
2 0.29708129233976033 0.8702507122507123 0.45346743095362163 0.6843808167141501 0.431500260552371 0.5985954415954416 0.4189473684210526 0.609079772079772 0.4398686816050026 0.6815213675213676 0.2918509640437728 0.8550000000000001