4 0.4989577905158937 0.5882352941176471 0.7582073996873372 0.698292220113852
3 0.8900468994267848 0.9388045540796964 0.06878582595101615 0.1204933586337761
3 0.10891089108910891 0.2215370018975332 0.07191245440333507 0.12618595825426945
3 0.10917144346013549 0.9430740037950665 0.06930693069306931 0.11195445920303605
3 0.8916102136529442 0.22485768500948766 0.06670140698280354 0.12333965844402277
3 0.4986972381448671 0.956831119544592 0.07087024491922876 0.08444022770398482
3 0.5002605523710266 0.20398481973434535 0.05106826472120896 0.0967741935483871
6 0.7936425221469515 0.5308349146110057 0.03230849400729546 0.061669829222011384
0 0.6141219385096405 0.5256166982922201 0.030745179781136008 0.06072106261859583
0 0.7386659718603439 0.8358633776091081 0.03178738926524231 0.05502846299810247
0 0.6300156331422616 0.8937381404174574 0.03543512245961438 0.051233396584440226
5 0.9570088587806149 0.07020872865275142 0.08494007295466388 0.14041745730550284