4 0.4986972381448671 0.5849146110056926 0.7576862949452841 0.6935483870967742
3 0.10838978634705576 0.9449715370018975 0.06461698801459093 0.10815939278937381
3 0.10865033871808233 0.2215370018975332 0.07243355914538822 0.12618595825426945
3 0.8921313183949974 0.22343453510436434 0.06774361646690985 0.12618595825426945
3 0.8908285565398645 0.9430740037950665 0.06930693069306931 0.11195445920303605
3 0.5007816571130798 0.20920303605313093 0.06253256904637833 0.1015180265654649
3 0.4989577905158937 0.9539848197343453 0.06513809275664409 0.09013282732447818
6 0.3103178738926524 0.7917457305502846 0.03282959874934862 0.05787476280834915
0 0.6829077644606566 0.38045540796963945 0.03178738926524231 0.058823529411764705
5 0.9533611255862429 0.0730550284629981 0.09223553934340803 0.1461100569259962
0 0.7782699322563835 0.409392789373814 0.0286607608129234 0.06736242884250475