6 0.8157894736842105 0.6623931623931624 0.042209484106305366 0.07122507122507123
0 0.3905680041688379 0.20892687559354226 0.04325169359041167 0.08547008547008547
0 0.976029181865555 0.42687559354226023 0.04585721730067743 0.08641975308641975
0 0.8035435122459614 0.7321937321937322 0.03751954142782699 0.06837606837606838
0 0.23397602918186555 0.8138651471984806 0.047941636268890045 0.08736942070275404
0 0.30328295987493487 0.2962962962962963 0.05211047420531527 0.09306742640075974
0 0.2972902553413236 0.5555555555555556 0.045336112558624284 0.0778727445394112
0 0.7222511724856696 0.8038936372269706 0.04273058884835852 0.0731244064577398
4 0.49973944762897343 0.4472934472934473 0.9942678478374153 0.8869895536562203
3 0.9820218863991662 0.9192782526115859 0.033871808233454925 0.14814814814814814
3 0.45231891610213654 0.932573599240266 0.08546117769671704 0.13295346628679963