4 0.49973944762897343 0.5868121442125237 0.7608129233976029 0.6992409867172675
3 0.890568004168838 0.9416508538899431 0.06565919749869724 0.11480075901328274
3 0.4968733715476811 0.9573055028462998 0.07034914017717561 0.08349146110056926
3 0.5005211047420531 0.20256166982922202 0.05158936946326212 0.09962049335863378
3 0.10865033871808233 0.2215370018975332 0.07139134966128191 0.12618595825426945
3 0.10943199583116206 0.9421252371916509 0.06982803543512246 0.11385199240986717
3 0.8913496612819176 0.22580645161290322 0.06618030224075039 0.1252371916508539
0 0.7282438770192808 0.864326375711575 0.03282959874934862 0.056925996204933584
0 0.844450234497134 0.6954459203036053 0.024491922876498175 0.04743833017077799
0 0.7232933819697759 0.5417457305502846 0.02709744658676394 0.04933586337760911
0 0.6612819176654507 0.5763757115749526 0.026055237102657634 0.05787476280834915
0 0.8288170922355393 0.8111954459203036 0.0286607608129234 0.058823529411764705
0 0.5278791036998437 0.812618595825427 0.031266284523189164 0.05977229601518026
0 0.815528921313184 0.36717267552182165 0.028139656070870246 0.05502846299810247
0 0.6513809275664408 0.7509487666034156 0.031266284523189164 0.061669829222011384
5 0.9541427826993225 0.07115749525616698 0.09067222511724857 0.14231499051233396
6 0.8533090151120375 0.607685009487666 0.0286607608129234 0.055977229601518026