4 0.5039082855653987 0.5830959164292497 0.7441375716519021 0.6894586894586895
3 0.10838978634705576 0.9515669515669516 0.05211047420531527 0.09306742640075974
5 0.9609171443460135 0.06647673314339982 0.07503908285565399 0.13105413105413105
3 0.49973944762897343 0.19990503323836656 0.041688379364252216 0.07502374169040836
3 0.8918707660239709 0.21367521367521367 0.0672225117248567 0.13675213675213677
1 0.9622199062011464 0.5925925925925926 0.042209484106305366 0.560303893637227
3 0.10865033871808233 0.2198480531813865 0.0484627410109432 0.09401709401709402
6 0.414538822303283 0.4700854700854701 0.0286607608129234 0.04748338081671415
0 0.16050026055237102 0.2825261158594492 0.02709744658676394 0.0446343779677113
3 0.49973944762897343 0.9658119658119658 0.04377279833246483 0.06647673314339982
3 0.8903074517978113 0.9434947768281101 0.08077123501823867 0.1111111111111111
2 0.4198613861386139 0.4707635327635328 0.4905831162063575 0.9157511870845204 0.4764387701928087 0.9225346628679961 0.40720635747785305 0.4748338081671415