4 0.49817613340281397 0.594017094017094 0.7576862949452841 0.6828110161443495
6 0.20531526836894215 0.36182336182336183 0.02709744658676394 0.05128205128205128
3 0.4992183428869203 0.9648622981956315 0.04377279833246483 0.06837606837606838
3 0.10812923397602918 0.9510921177587844 0.05158936946326212 0.09211775878442545
5 0.960656591974987 0.0641025641025641 0.07139134966128191 0.12440645773979107
3 0.8900468994267848 0.9515669515669516 0.05211047420531527 0.0949667616334283
3 0.11177696717040125 0.2174738841405508 0.06409588327253778 0.12535612535612536
0 0.8577384054194893 0.8490028490028491 0.031266284523189164 0.05128205128205128
3 0.49973944762897343 0.19990503323836656 0.04273058884835852 0.0788224121557455
3 0.8918707660239709 0.2184235517568851 0.05263157894736842 0.100664767331434
0 0.21439760291818655 0.34866381766381765 0.8732225117248567 0.7000408357075024 0.8717337154768108 0.7217473884140551 0.2039755080771235 0.37308357075023746