4 0.49765502866076083 0.5859449192782527 0.7587285044293903 0.6989553656220323
3 0.8900468994267848 0.9434947768281101 0.08025013027618551 0.1111111111111111
3 0.10838978634705576 0.22032288698955366 0.08025013027618551 0.14245014245014245
3 0.49947889525794686 0.20655270655270655 0.07034914017717561 0.10731244064577398
5 0.9616988014590933 0.06647673314339982 0.07451797811360084 0.13105413105413105
0 0.3030224075039083 0.2630579297245964 0.033871808233454925 0.05698005698005698
6 0.3538301198540907 0.27967711301044634 0.03230849400729546 0.05413105413105413
0 0.7386659718603439 0.825735992402659 0.027618551328817093 0.050332383665717
0 0.4585721730067744 0.46961063627730293 0.03230849400729546 0.057929724596391265
3 0.10865033871808233 0.9515669515669516 0.05263157894736842 0.09306742640075974
0 0.3952579468473163 0.7051282051282052 0.03699843668577384 0.0560303893637227
0 0.7282438770192808 0.7806267806267806 0.033871808233454925 0.045584045584045586
0 0.8217821782178217 0.664292497625831 0.02918186555497655 0.0560303893637227
0 0.1849921834288692 0.4886039886039886 0.034392912975508075 0.06362773029439696
3 0.4992183428869203 0.9558404558404558 0.06461698801459093 0.08641975308641975
0 0.3999478895257947 0.5289648622981956 0.0297029702970297 0.055080721747388414
0 0.3543512245961438 0.8822412155745489 0.02918186555497655 0.055080721747388414
0 0.5088587806149036 0.4976258309591643 0.026576341844710787 0.05128205128205128
3 0.8908285565398645 0.22032288698955366 0.060969254820218866 0.12535612535612536