4 0.4979155810317874 0.5849952516619183 0.7561229807191245 0.6989553656220323
3 0.8903074517978113 0.9434947768281101 0.07972902553413236 0.1111111111111111
3 0.10838978634705576 0.21937321937321938 0.08025013027618551 0.14055080721747387
2 0.4601354872329338 0.4278252611585945 0.02709744658676394 0.052231718898385564
5 0.9614382490880667 0.06552706552706553 0.0760812923397603 0.13105413105413105
6 0.3593017196456488 0.2644824311490978 0.03178738926524231 0.050332383665717
2 0.4137571651902032 0.3537511870845204 0.1188118811881188 0.2003798670465337
1 0.9619593538301199 0.5916429249762583 0.0385617509119333 0.5565052231718899
3 0.8910891089108911 0.21652421652421652 0.06670140698280354 0.13105413105413105
0 0.45883272537780095 0.4710351377018044 0.0286607608129234 0.05128205128205128
3 0.10865033871808233 0.9515669515669516 0.05263157894736842 0.09306742640075974
0 0.7389265242313705 0.825735992402659 0.02709744658676394 0.050332383665717
0 0.7295466388744137 0.7815764482431149 0.03230849400729546 0.04748338081671415
3 0.4992183428869203 0.20987654320987653 0.0573215216258468 0.1120607787274454
0 0.3952579468473163 0.7037037037037037 0.03699843668577384 0.05698005698005698
3 0.49947889525794686 0.9558404558404558 0.06513809275664409 0.08641975308641975
0 0.1829077644606566 0.4943019943019943 0.034392912975508075 0.06362773029439696
0 0.3996873371547681 0.5303893637226971 0.03230849400729546 0.0560303893637227
0 0.5184992183428869 0.5218423551756886 0.028139656070870246 0.05413105413105413
0 0.3543512245961438 0.8827160493827161 0.030224075039082855 0.0560303893637227
0 0.8574778530484627 0.6182336182336182 0.02553413236060448 0.05318138651471985
0 0.30224075039082854 0.2597340930674264 0.03230849400729546 0.050332383665717