4 0.48924152770306617 0.581275720164609 0.6772458310919849 0.6563786008230452
3 0.14766003227541688 0.23919753086419754 0.06293706293706294 0.12448559670781893
3 0.8378160301237224 0.2397119341563786 0.056481979558902634 0.12139917695473251
0 0.7261968800430338 0.34670781893004116 0.031199569661108123 0.04938271604938271
3 0.8375470683162991 0.9259259259259259 0.062399139322216246 0.11934156378600823
5 0.9644970414201184 0.10030864197530864 0.06670252824098978 0.13065843621399176
3 0.14658418504572351 0.9248971193415638 0.06401291016675632 0.11728395061728394
3 0.4924690693921463 0.2309670781893004 0.055406132329209254 0.10185185185185185
3 0.493006993006993 0.9351851851851852 0.05433028509951587 0.10699588477366255
1 0.02151694459386767 0.5833333333333334 0.04303388918773534 0.5082304526748971
0 0.592522861753631 0.7319958847736625 0.027434104357181282 0.06481481481481481
0 0.5363098440021516 0.4758230452674897 0.03012372243141474 0.05246913580246913
0 0.42576654115115653 0.37088477366255146 0.028509951586874662 0.04835390946502058
0 0.6062399139322217 0.44907407407407407 0.02689618074233459 0.056584362139917695
0 0.2781065088757396 0.3220164609053498 0.025820333512641205 0.047325102880658436
0 0.1958041958041958 0.7854938271604939 0.029047875201721356 0.050411522633744855
0 0.23184507799892415 0.8816872427983539 0.0322754168908015 0.047325102880658436
0 0.6514254975793438 0.654835390946502 0.029047875201721356 0.05452674897119342
0 0.34050564819795587 0.6712962962962963 0.03012372243141474 0.04835390946502058
0 0.16729424421732114 0.382201646090535 0.03335126412049489 0.05246913580246913
6 0.31697149004841313 0.6278292181069959 0.027434104357181282 0.05246913580246913
0 0.29249596557288865 0.293858024691358 0.029585798816568046 0.05787037037037037
0 0.3409090909090909 0.6115020576131687 0.02689618074233459 0.05529835390946502
2 0.3240989779451318 0.6262860082304527 0.3025820333512641 0.360082304526749 0.3160301237224314 0.3369341563786008 0.3072888649811727 0.31121399176954734 0.3254437869822485 0.19547325102880658 0.3160301237224314 0.18518518518518517 0.29451317912856373 0.30478395061728397 0.2830823023130715 0.30864197530864196 0.2420656266810113 0.2829218106995885 0.23735879505110274 0.3099279835390947 0.2817374932759548 0.3420781893004115 0.2911511565357719 0.37294238683127573 0.31535771920387307 0.628858024691358