4 0.49817613340281397 0.5906072106261859 0.7597707139134966 0.7030360531309298
3 0.8903074517978113 0.9407020872865275 0.0672225117248567 0.11669829222011385
6 0.8439291297550807 0.4131878557874763 0.0286607608129234 0.061669829222011384
3 0.8916102136529442 0.22011385199240988 0.06670140698280354 0.127134724857685
3 0.10865033871808233 0.9430740037950665 0.0672225117248567 0.11195445920303605
3 0.11255862428348098 0.222011385199241 0.0760812923397603 0.13851992409867173
3 0.49817613340281397 0.9558823529411765 0.06774361646690985 0.08633776091081594
3 0.5007816571130798 0.2030360531309298 0.0583637311099531 0.10246679316888045
0 0.49843668577384054 0.45635673624288425 0.027618551328817093 0.051233396584440226
1 0.9622199062011464 0.5853889943074004 0.04325169359041167 0.5616698292220114
0 0.585461177696717 0.4497153700189753 0.0286607608129234 0.04933586337760911
0 0.7230328295987494 0.5426944971537002 0.033871808233454925 0.06072106261859583
0 0.8593017196456487 0.849146110056926 0.02709744658676394 0.04554079696394687
0 0.4856696195935383 0.5697343453510436 0.028139656070870246 0.05028462998102467
0 0.4252214695153726 0.6750474383301708 0.03543512245961438 0.05787476280834915
5 0.9562272016675352 0.06783681214421253 0.08650338718082334 0.13567362428842505
0 0.5958832725377801 0.9055977229601518 0.03491401771756123 0.05218216318785579
0 0.2222511724856696 0.33396584440227706 0.03178738926524231 0.05502846299810247
2 0.5914538822303282 0.4240986717267552 0.5951016154247004 0.4497153700189753 0.5997915581031787 0.45540796963946867 0.6081292339760291 0.45635673624288425 0.6159458051068265 0.4506641366223909 0.6195935383011986 0.43927893738140417 0.6263678999478896 0.43548387096774194 0.8170922355393434 0.42125237191650855 0.8275143303804064 0.42125237191650855 0.8337675872850443 0.4316888045540797 0.8421052631578947 0.43263757115749524 0.8494007295466389 0.4269449715370019 0.8525273579989577 0.4108159392789374 0.8494007295466389 0.39943074003795065 0.8410630536737884 0.3927893738140417 0.8332464825429912 0.396584440227704 0.8264721208963002 0.4079696394686907 0.6347055758207399 0.42314990512333966 0.62480458572173 0.42314990512333966 0.6117769671704012 0.4079696394686907 0.6023970818134445 0.4060721062618596 0.5961438249088067 0.4108159392789374