0 0.49488972565895645 0.5802469135802469 0.6745562130177515 0.6481481481481481
3 0.8383539537385691 0.23765432098765432 0.056481979558902634 0.11934156378600823
3 0.14631522323830015 0.23765432098765432 0.06024744486282948 0.11934156378600823
3 0.14604626143087682 0.9238683127572016 0.06831629908552986 0.12139917695473251
3 0.492200107584723 0.9351851851851852 0.05809575040344271 0.09670781893004116
6 0.7003765465303927 0.40483539094650206 0.027972027972027972 0.05246913580246913
3 0.49058633674018287 0.2294238683127572 0.05379236148466918 0.10493827160493827
5 0.9647660032275417 0.09876543209876543 0.06724045185583648 0.12962962962962962
3 0.835933297471759 0.9223251028806584 0.062399139322216246 0.12448559670781893
1 0.02151694459386767 0.5838477366255144 0.04303388918773534 0.5092592592592593
0 0.3458848843464228 0.8580246913580247 0.0322754168908015 0.05761316872427984
0 0.17670790747713824 0.7808641975308642 0.027434104357181282 0.047325102880658436
0 0.33969876277568584 0.6085390946502057 0.028509951586874662 0.050411522633744855
0 0.27541689080150616 0.7386831275720165 0.03012372243141474 0.053497942386831275
0 0.34158149542764926 0.6723251028806584 0.02689618074233459 0.046296296296296294
0 0.16783216783216784 0.38425925925925924 0.03550295857988166 0.05246913580246913
0 0.7998924152770307 0.5324074074074074 0.02689618074233459 0.050411522633744855
2 0.6917697686928456 0.39711934156378603 0.6923076923076923 0.41460905349794236 0.6971490048413125 0.42386831275720166 0.7116729424421732 0.42386831275720166 0.7703066164604626 0.49176954732510286 0.7778375470683163 0.5205761316872428 0.7961269499731038 0.5483539094650206 0.8004303388918773 0.5483539094650206 0.8106508875739645 0.5596707818930041 0.841312533620226 0.6224279835390947 0.8434642280796127 0.6368312757201646 0.85852608929532 0.6522633744855967 0.8590640129101668 0.6409465020576132 0.8547606239913932 0.6306584362139918 0.8122646584185046 0.5493827160493827 0.8084991931145777 0.5349794238683128 0.8036578805809576 0.5267489711934157 0.8036578805809576 0.5133744855967078 0.7982786444324906 0.5113168724279835 0.7955890263582571 0.4897119341563786 0.8187197417966648 0.4495884773662551 0.8192576654115116 0.44238683127572015 0.8128025820333513 0.44650205761316875 0.799354491662184 0.4732510288065844 0.7724583109198494 0.4825102880658436 0.7127487896718666 0.41358024691358025 0.7089833243679398 0.39300411522633744 0.7057557826788596 0.38786008230452673 0.6960731576116191 0.38786008230452673
0 0.19701452393760086 0.7761111111111111 0.028240989779451317 0.05015432098765432
0 0.658284023668639 0.3793724279835391 0.02689618074233459 0.07973251028806584