4 0.5013027618551329 0.584045584045584 0.7556018759770714 0.7008547008547008
5 0.9609171443460135 0.06552706552706553 0.07399687337154769 0.1291547958214625
3 0.4989577905158937 0.21367521367521367 0.0484627410109432 0.12155745489078823
3 0.10838978634705576 0.9515669515669516 0.05211047420531527 0.09306742640075974
1 0.9622199062011464 0.5925925925925926 0.042209484106305366 0.5622032288698955
3 0.8913496612819176 0.21462488129154797 0.06618030224075039 0.13295346628679963
6 0.4906201146430432 0.292022792022792 0.027618551328817093 0.052231718898385564
3 0.5 0.9658119658119658 0.045336112558624284 0.06647673314339982
3 0.11177696717040125 0.2184235517568851 0.06305367378843148 0.1291547958214625
3 0.8903074517978113 0.9434947768281101 0.08077123501823867 0.1111111111111111
2 0.495794163626889 0.3011804368471035 0.13027618551328818 0.5860807217473885 0.12432047941636269 0.563017094017094 0.4898384575299635 0.2754036087369421
0 0.4905836373110995 0.2475878442545109 0.041688379364252216 0.05833808167141501