4 0.4992183428869203 0.5906072106261859 0.7576862949452841 0.7011385199240987
3 0.10838978634705576 0.9473434535104365 0.06253256904637833 0.10341555977229601
3 0.890568004168838 0.9407020872865275 0.06461698801459093 0.11480075901328274
3 0.5 0.2030360531309298 0.05263157894736842 0.0967741935483871
3 0.10838978634705576 0.22106261859582543 0.07191245440333507 0.12333965844402277
3 0.8916102136529442 0.2239089184060721 0.06565919749869724 0.12144212523719165
3 0.49765502866076083 0.9539848197343453 0.06357477853048463 0.08823529411764706
0 0.8043251693590412 0.829696394686907 0.0286607608129234 0.04838709677419355
0 0.29546638874413755 0.6456356736242884 0.034392912975508075 0.055977229601518026
0 0.7675872850442939 0.5536053130929791 0.028139656070870246 0.06736242884250475
0 0.6915059927045336 0.2637571157495256 0.031266284523189164 0.04933586337760911
0 0.476029181865555 0.7699240986717267 0.03699843668577384 0.05787476280834915
0 0.5484627410109432 0.9032258064516129 0.03282959874934862 0.05502846299810247
6 0.7266805627931214 0.8240037950664136 0.0297029702970297 0.04838709677419355
5 0.9559666492965087 0.07210626185958255 0.08702449192287649 0.1442125237191651