4 0.5 0.5906072106261859 0.7550807712350183 0.7011385199240987
3 0.10838978634705576 0.2215370018975332 0.07087024491922876 0.12618595825426945
3 0.5005211047420531 0.2030360531309298 0.05054715997915581 0.09867172675521822
3 0.892391870766024 0.22248576850094876 0.06409588327253778 0.12428842504743833
3 0.49843668577384054 0.9549335863377609 0.0672225117248567 0.08823529411764706
0 0.7550807712350183 0.5858633776091081 0.023970818134445022 0.04459203036053131
3 0.8913496612819176 0.9421252371916509 0.06618030224075039 0.11195445920303605
3 0.10812923397602918 0.9463946869070209 0.06618030224075039 0.10531309297912714
0 0.7149557060969255 0.5426944971537002 0.023970818134445022 0.04554079696394687
0 0.715216258467952 0.6304554079696395 0.024491922876498175 0.04459203036053131
6 0.3097967691505993 0.5863377609108159 0.03804064616988015 0.056925996204933584
1 0.9619593538301199 0.5915559772296015 0.04377279833246483 0.5569259962049335
0 0.7146951537258989 0.5863377609108159 0.02344971339239187 0.04364326375711575
0 0.6745700885878061 0.5839658444022771 0.024491922876498175 0.04838709677419355
5 0.9544033350703491 0.07020872865275142 0.0891089108910891 0.13851992409867173
0 0.6943929129755081 0.5655123339658443 0.02497655028660761 0.0417741935483871
0 0.7340385617509119 0.5633965844402278 0.024684731631057843 0.04494307400379506
0 0.7372329338196978 0.6091366223908918 0.028749348619072433 0.03912713472485769
0 0.6948306409588327 0.6096679316888046 0.025846795205836375 0.04864326375711575
2 0.31064356435643564 0.5964535104364327 0.6485362167795726 0.6350407969639469 0.6606466909848879 0.6603984819734345 0.6800244919228765 0.6504753320683112 0.7393673788431475 0.6967808349146111 0.743000521104742 0.6780379506641366 0.6830521104742053 0.6251176470588236 0.681235539343408 0.5997609108159393 0.6969796769150599 0.5247903225806452 0.6891073475768629 0.518175521821632 0.6715466388744138 0.5876328273244782 0.6564080250130275 0.5909402277039848 0.6461141219385097 0.6096831119544592 0.31003751954142783 0.5733007590132827