4 0.5005211047420531 0.5896584440227703 0.7602918186555497 0.7011385199240987
3 0.890568004168838 0.9416508538899431 0.06774361646690985 0.11480075901328274
3 0.4979155810317874 0.9539848197343453 0.068264721208963 0.09013282732447818
3 0.10812923397602918 0.2215370018975332 0.07139134966128191 0.12618595825426945
3 0.5005211047420531 0.20161290322580644 0.05263157894736842 0.09962049335863378
3 0.892391870766024 0.2215370018975332 0.06618030224075039 0.12428842504743833
0 0.7397081813444503 0.543168880455408 0.024491922876498175 0.046489563567362426
3 0.10812923397602918 0.9463946869070209 0.06618030224075039 0.10531309297912714
6 0.3069306930693069 0.5858633776091081 0.03335070349140177 0.054079696394686905
1 0.9616988014590933 0.5915559772296015 0.04325169359041167 0.5569259962049335
0 0.7389265242313705 0.6290322580645161 0.023970818134445022 0.04743833017077799
0 0.7793121417404898 0.5853889943074004 0.024491922876498175 0.04554079696394687
0 0.7386659718603439 0.5863377609108159 0.024491922876498175 0.04364326375711575
0 0.6982803543512246 0.5891840607210627 0.02918186555497655 0.04933586337760911
5 0.9559666492965087 0.07020872865275142 0.08702449192287649 0.13851992409867173
2 0.3104293903074518 0.5990787476280834 0.6811584158415842 0.5624829222011385 0.7109359041167275 0.6668472485768501 0.7325242313705055 0.6478719165085389 0.7034914017717562 0.5489288425047438 0.7652793121417405 0.48793738140417453 0.7556018759770714 0.46353984819734345 0.6863694632621157 0.5340199240986717 0.3104293903074518 0.5665493358633776
0 0.7175924960917144 0.5626944971537002 0.023361125586242835 0.043017077798861485
0 0.717863470557582 0.6054648956356736 0.022824387701928087 0.04546489563567362
0 0.7606878582595101 0.561223908918406 0.026852527357998958 0.04203984819734346
0 0.7600156331422616 0.6062049335863378 0.027118290776446067 0.048889943074003794