3 0.10786868160500261 0.9449715370018975 0.06253256904637833 0.10815939278937381
3 0.8903074517978113 0.9407020872865275 0.06930693069306931 0.11669829222011385
3 0.49973944762897343 0.2030360531309298 0.04689942678478374 0.09297912713472485
3 0.8921313183949974 0.22248576850094876 0.06461698801459093 0.12239089184060721
4 0.5007816571130798 0.5925047438330171 0.7566440854611777 0.6954459203036053
3 0.11021365294424179 0.22343453510436434 0.07139134966128191 0.1318785578747628
3 0.5 0.9558823529411765 0.060969254820218866 0.08633776091081594
6 0.2722772277227723 0.5180265654648957 0.03491401771756123 0.056925996204933584
0 0.587285044293903 0.7898481973434535 0.030224075039082855 0.061669829222011384
0 0.40594059405940597 0.818785578747628 0.031266284523189164 0.056925996204933584
0 0.1829077644606566 0.41603415559772294 0.03647733194372069 0.05787476280834915
0 0.2652423137050547 0.7419354838709677 0.03751954142782699 0.06641366223908918
0 0.2928608650338718 0.8500948766603416 0.031266284523189164 0.056925996204933584
5 0.955706096925482 0.07210626185958255 0.08754559666492966 0.1442125237191651