4 0.5026055237102658 0.5882352941176471 0.7592496091714435 0.7001897533206831
3 0.8910891089108911 0.22580645161290322 0.06565919749869724 0.12333965844402277
3 0.10891089108910891 0.9440227703984819 0.06774361646690985 0.11005692599620494
3 0.890568004168838 0.9416508538899431 0.06774361646690985 0.11480075901328274
3 0.10838978634705576 0.2215370018975332 0.07087024491922876 0.12239089184060721
0 0.8663366336633663 0.2893738140417457 0.026576341844710787 0.051233396584440226
3 0.49817613340281397 0.952561669829222 0.06774361646690985 0.09297912713472485
6 0.6771756122980719 0.4995256166982922 0.03178738926524231 0.055977229601518026
3 0.5007816571130798 0.2049335863377609 0.0583637311099531 0.10056925996204934
0 0.7149557060969255 0.5721062618595826 0.02918186555497655 0.056925996204933584
0 0.21182907764460657 0.5939278937381404 0.03178738926524231 0.058823529411764705
0 0.41896821261073475 0.2666034155597723 0.02918186555497655 0.04743833017077799
5 0.9546638874413758 0.06925996204933586 0.08858780614903596 0.13851992409867173