4 0.5005211047420531 0.5891840607210627 0.7592496091714435 0.7001897533206831
3 0.8908285565398645 0.9416508538899431 0.0672225117248567 0.11480075901328274
3 0.10891089108910891 0.22011385199240988 0.07191245440333507 0.1252371916508539
3 0.49817613340281397 0.9539848197343453 0.06774361646690985 0.09013282732447818
3 0.5005211047420531 0.20161290322580644 0.05263157894736842 0.09962049335863378
3 0.892391870766024 0.22248576850094876 0.06513809275664409 0.12239089184060721
3 0.10812923397602918 0.9463946869070209 0.06618030224075039 0.10531309297912714
0 0.7230328295987494 0.5441176470588235 0.0286607608129234 0.04838709677419355
6 0.3064095883272538 0.5872865275142315 0.03335070349140177 0.05502846299810247
1 0.9616988014590933 0.5925047438330171 0.045336112558624284 0.562618595825427
0 0.7024491922876498 0.607685009487666 0.023970818134445022 0.04459203036053131
0 0.7415320479416363 0.607685009487666 0.023970818134445022 0.04269449715370019
0 0.7628973423658155 0.5863377609108159 0.02501302761855133 0.04554079696394687
5 0.9554455445544554 0.06878557874762808 0.0880667014069828 0.13757115749525617
0 0.7019176654507556 0.5643074003795067 0.024075039082855656 0.043833017077798866
0 0.6830432516935904 0.5879032258064516 0.02509640437727983 0.043462998102466795
0 0.7241584158415842 0.6296963946869071 0.020812923397602916 0.043833017077798866
0 0.7235435122459615 0.5888330170777989 0.02693590411672746 0.042352941176470586
0 0.7435435122459614 0.5622675521821632 0.022855653986451275 0.046442125237191656
2 0.3092991141219385 0.5959051233396584 0.6705930171964565 0.5619222011385199 0.6985898905680042 0.6699373814041746 0.711921834288692 0.6553738140417458 0.6832584679520584 0.555853889943074 0.7499176654507557 0.49274383301707775 0.7372522146951538 0.4684705882352941 0.6659270453361126 0.5376489563567363 0.3086326211568525 0.5667770398481974