4 0.5005211047420531 0.5882352941176471 0.7582073996873372 0.698292220113852
3 0.8910891089108911 0.9430740037950665 0.06670140698280354 0.11195445920303605
3 0.4986972381448671 0.9573055028462998 0.06670140698280354 0.08349146110056926
3 0.8916102136529442 0.22580645161290322 0.06565919749869724 0.12144212523719165
3 0.10865033871808233 0.9421252371916509 0.07034914017717561 0.11385199240986717
3 0.10786868160500261 0.22058823529411764 0.06253256904637833 0.11669829222011385
3 0.501823866597186 0.20208728652751423 0.0583637311099531 0.10056925996204934
0 0.4947889525794685 0.6480075901328273 0.03699843668577384 0.056925996204933584
6 0.4439812402292861 0.7960151802656547 0.030224075039082855 0.04933586337760911
0 0.6774361646690985 0.2808349146110057 0.030224075039082855 0.051233396584440226
0 0.3738926524231371 0.32637571157495254 0.030745179781136008 0.04743833017077799
0 0.40828556539864513 0.7613851992409867 0.02553413236060448 0.04838709677419355
0 0.594059405940594 0.357685009487666 0.02918186555497655 0.056925996204933584
0 0.22277227722772278 0.4530360531309298 0.03282959874934862 0.05787476280834915
0 0.7118290776446066 0.627134724857685 0.028139656070870246 0.056925996204933584
5 0.9567483064095883 0.07115749525616698 0.08546117769671704 0.14231499051233396