4 0.5002605523710266 0.5868945868945868 0.7576862949452841 0.6970560303893637
3 0.10708702449192288 0.2174738841405508 0.07139134966128191 0.1291547958214625
3 0.8892652423137051 0.9344729344729344 0.08077123501823867 0.1291547958214625
3 0.890568004168838 0.2207977207977208 0.06774361646690985 0.12630579297245964
3 0.10995310057321521 0.9373219373219374 0.08337675872850443 0.12345679012345678
3 0.4945284002084419 0.9382716049382716 0.06253256904637833 0.12155745489078823
5 0.9609171443460135 0.06837606837606838 0.0771235018238666 0.13675213675213677
3 0.5046899426784783 0.20750237416904083 0.05992704533611256 0.11870845204178537
6 0.46977592496091714 0.2678062678062678 0.0286607608129234 0.04938271604938271
0 0.2905158936946326 0.28347578347578345 0.0286607608129234 0.04843304843304843
0 0.36737884314747266 0.5906932573599241 0.041688379364252216 0.06457739791073125
0 0.49843668577384054 0.775403608736942 0.027618551328817093 0.06172839506172839
0 0.4517978113600834 0.30151946818613484 0.031266284523189164 0.05413105413105413
0 0.6138613861386139 0.4829059829059829 0.03230849400729546 0.05413105413105413
0 0.698019801980198 0.2792022792022792 0.03178738926524231 0.05318138651471985
0 0.3809275664408546 0.47435897435897434 0.03335070349140177 0.06172839506172839
0 0.14218863991662326 0.7644824311490979 0.03424179260031266 0.07189933523266856