4 0.4989577905158937 0.5878442545109211 0.7561229807191245 0.6951566951566952
3 0.8884835852006253 0.9354226020892688 0.07920792079207921 0.12725546058879392
3 0.8903074517978113 0.22032288698955366 0.0672225117248567 0.1291547958214625
3 0.10891089108910891 0.9425451092117759 0.08025013027618551 0.11301044634377967
3 0.1112558624283481 0.2207977207977208 0.07347576862949452 0.13770180436847104
5 0.960656591974987 0.06837606837606838 0.07764460656591975 0.13675213675213677
3 0.5036477331943721 0.20845204178537513 0.05784262636789995 0.12060778727445394
3 0.4989577905158937 0.9501424501424501 0.06305367378843148 0.09781576448243115
1 0.9669098488796248 0.5868945868945868 0.047420531526836895 0.5565052231718899
0 0.2905158936946326 0.28347578347578345 0.0286607608129234 0.04843304843304843
6 0.1761334028139656 0.32763532763532766 0.03230849400729546 0.05318138651471985
0 0.49817613340281397 0.7782526115859449 0.02918186555497655 0.057929724596391265
0 0.4546638874413757 0.2948717948717949 0.03282959874934862 0.052231718898385564
0 0.6138613861386139 0.4829059829059829 0.031266284523189164 0.05413105413105413
0 0.3809275664408546 0.4748338081671415 0.03335070349140177 0.06457739791073125
0 0.27879103699843666 0.8798670465337132 0.031266284523189164 0.05413105413105413
0 0.6982803543512246 0.28062678062678065 0.031266284523189164 0.05413105413105413
0 0.14278269932256382 0.7659069325735992 0.02918186555497655 0.052231718898385564
0 0.3684210526315789 0.5935422602089269 0.0385617509119333 0.06457739791073125