4 0.4966128191766545 0.5887939221272555 0.7524752475247525 0.6894586894586895
3 0.5005211047420531 0.21082621082621084 0.053673788431474724 0.10826210826210826
6 0.447107868681605 0.31196581196581197 0.028139656070870246 0.05413105413105413
3 0.8916102136529442 0.21367521367521367 0.06670140698280354 0.13295346628679963
3 0.10838978634705576 0.21462488129154797 0.055237102657634186 0.09686609686609686
5 0.9603960396039604 0.06742640075973409 0.0781657113079729 0.13485280151946819
3 0.10812923397602918 0.9510921177587844 0.05158936946326212 0.09211775878442545
3 0.5 0.9658119658119658 0.045336112558624284 0.06647673314339982
1 0.962480458572173 0.5997150997150997 0.04064616988014591 0.5726495726495726
0 0.8353309015112037 0.4985754985754986 0.023970818134445022 0.045584045584045586
3 0.8903074517978113 0.9444444444444444 0.07868681605002606 0.10921177587844255
2 0.45112767066180304 0.3025365622032289 0.815156852527358 0.4897568850902185 0.9007665450755601 0.48704368471035137 0.903744658676394 0.5101073124406458 0.8218566961959354 0.5155337132003799 0.8211120375195414 0.5725137701804368 0.8084570088587807 0.5698005698005698 0.8062235539343409 0.5060370370370371 0.4459166232412715 0.32288698955365625