4 0.48749348619072436 0.599146110056926 0.7800937988535696 0.7087286527514232
3 0.09275664408546118 0.9473434535104365 0.0771235018238666 0.10341555977229601
3 0.885617509119333 0.9463946869070209 0.06930693069306931 0.10531309297912714
3 0.890568004168838 0.22675521821631878 0.06774361646690985 0.12333965844402277
3 0.4900990099009901 0.2054079696394687 0.05158936946326212 0.09962049335863378
3 0.48723293381969773 0.9625237191650854 0.06774361646690985 0.0730550284629981
3 0.09353830119854091 0.22675521821631878 0.07451797811360084 0.13851992409867173
0 0.7204273058884836 0.47343453510436434 0.03178738926524231 0.056925996204933584
0 0.25403856175091194 0.33159392789373815 0.03178738926524231 0.055977229601518026
0 0.36737884314747266 0.5569259962049335 0.03647733194372069 0.056925996204933584
0 0.2524752475247525 0.27893738140417457 0.03178738926524231 0.056925996204933584
0 0.1730067743616467 0.9169829222011385 0.034392912975508075 0.054079696394686905
5 0.9546638874413758 0.07210626185958255 0.08963001563314227 0.1442125237191651
6 0.7774882751433038 0.8434535104364327 0.03335070349140177 0.05313092979127135