4 0.49947889525794686 0.5896584440227703 0.7592496091714435 0.7011385199240987
3 0.890568004168838 0.9407020872865275 0.06670140698280354 0.11669829222011385
3 0.8921313183949974 0.2239089184060721 0.06774361646690985 0.12333965844402277
3 0.10917144346013549 0.9421252371916509 0.068264721208963 0.11385199240986717
3 0.10838978634705576 0.22011385199240988 0.07087024491922876 0.12333965844402277
3 0.4986972381448671 0.952561669829222 0.06670140698280354 0.09297912713472485
3 0.5002605523710266 0.20398481973434535 0.0583637311099531 0.10056925996204934
0 0.7076602397081814 0.4473434535104364 0.02918186555497655 0.055977229601518026
0 0.7576862949452841 0.45113851992409865 0.028139656070870246 0.055977229601518026
0 0.6466909848879625 0.5080645161290323 0.02709744658676394 0.05028462998102467
0 0.7024491922876498 0.5398481973434535 0.03335070349140177 0.058823529411764705
5 0.9572694111516414 0.06925996204933586 0.08441896821261073 0.13851992409867173
0 0.4940072954663887 0.5958254269449715 0.028139656070870246 0.051233396584440226
0 0.2170401250651381 0.5915559772296015 0.0286607608129234 0.05787476280834915
0 0.8629494528400209 0.8036053130929791 0.02709744658676394 0.04933586337760911
6 0.5268368942157373 0.6404174573055028 0.028139656070870246 0.051233396584440226
0 0.13939551849921833 0.7258064516129032 0.030745179781136008 0.056925996204933584