4 0.4979885356956748 0.5894592030360531 0.762225117248567 0.6996489563567362
3 0.8903074517978113 0.9407020872865275 0.0672225117248567 0.11669829222011385
3 0.1112558624283481 0.2215370018975332 0.07347576862949452 0.13946869070208728
3 0.10891089108910891 0.9430740037950665 0.06774361646690985 0.11195445920303605
3 0.5002605523710266 0.20066413662239088 0.05211047420531527 0.09582542694497154
3 0.8918707660239709 0.2215370018975332 0.06618030224075039 0.12618595825426945
3 0.49843668577384054 0.9558823529411765 0.068264721208963 0.08633776091081594
0 0.5846795205836373 0.448292220113852 0.03230849400729546 0.054079696394686905
6 0.8436685773840542 0.4127134724857685 0.02709744658676394 0.06261859582542695
0 0.8593017196456487 0.8477229601518027 0.02709744658676394 0.046489563567362426
0 0.49765502866076083 0.45493358633776093 0.031266284523189164 0.055977229601518026
0 0.4854090672225117 0.5702087286527514 0.027618551328817093 0.04554079696394687
1 0.9614382490880667 0.5863377609108159 0.04377279833246483 0.5559772296015181
0 0.5961438249088067 0.9055977229601518 0.034392912975508075 0.05218216318785579
0 0.42470036477331946 0.6740986717267552 0.03230849400729546 0.054079696394686905
0 0.7240750390828556 0.5426944971537002 0.030745179781136008 0.05502846299810247
0 0.22146951537258988 0.3372865275142315 0.03335070349140177 0.05787476280834915
5 0.9559666492965087 0.07210626185958255 0.08702449192287649 0.1442125237191651
2 0.11776967170401251 0.38804554079696396 0.11724856696195936 0.40227703984819735 0.11985409067222512 0.4155597722960152 0.12871287128712872 0.4240986717267552 0.13809275664408546 0.42314990512333966 0.14695153725898905 0.4089184060721063 0.1542470036477332 0.40417457305502846 0.8103178738926524 0.41840607210626185 0.8264721208963002 0.41935483870967744 0.8301198540906722 0.4269449715370019 0.8379364252214695 0.4335863377609108 0.8488796248045857 0.4278937381404175 0.8520062532569046 0.4079696394686907 0.8488796248045857 0.39753320683111953 0.8426263678999479 0.3918406072106262 0.835852006253257 0.3927893738140417 0.825951016154247 0.40702087286527516 0.8064966128191766 0.40702087286527516 0.15997915581031788 0.3927893738140417 0.15164147993746743 0.3918406072106262 0.14017717561229806 0.3766603415559772 0.13496612819176654 0.3738140417457306 0.12245961438249088 0.3776091081593928