4 0.5026055237102658 0.5891840607210627 0.7655028660760813 0.7020872865275142
3 0.10838978634705576 0.2215370018975332 0.07087024491922876 0.12428842504743833
3 0.10812923397602918 0.9449715370018975 0.06618030224075039 0.10815939278937381
3 0.4986972381448671 0.9516129032258065 0.06670140698280354 0.09487666034155598
3 0.8908285565398645 0.9430740037950665 0.0672225117248567 0.11195445920303605
3 0.8916102136529442 0.22485768500948766 0.06565919749869724 0.1252371916508539
3 0.5010422094841063 0.2054079696394687 0.058884835852006254 0.09962049335863378
6 0.48957790515893695 0.27514231499051234 0.03282959874934862 0.05502846299810247
0 0.7855653986451276 0.27561669829222013 0.0286607608129234 0.05028462998102467
0 0.7470036477331944 0.444022770398482 0.030745179781136008 0.05502846299810247
5 0.953882230328296 0.07352941176470588 0.09015112037519542 0.14705882352941177
6 0.6109953100573216 0.6067362428842504 0.020323084940072955 0.046489563567362426