4 0.49635226680562794 0.5849146110056926 0.7561229807191245 0.7049335863377609
3 0.10865033871808233 0.9463946869070209 0.06513809275664409 0.10531309297912714
3 0.8908285565398645 0.9430740037950665 0.0672225117248567 0.11195445920303605
3 0.892391870766024 0.22011385199240988 0.0672225117248567 0.127134724857685
3 0.10760812923397603 0.22058823529411764 0.0672225117248567 0.1204933586337761
6 0.8520062532569046 0.4810246679316888 0.034392912975508075 0.06641366223908918
3 0.4979155810317874 0.9549335863377609 0.06618030224075039 0.08823529411764706
0 0.41688379364252215 0.4117647058823529 0.0385617509119333 0.06072106261859583
3 0.501823866597186 0.2073055028462998 0.06044815007816571 0.09772296015180265
0 0.49296508598228245 0.6499051233396584 0.030224075039082855 0.06451612903225806
1 0.9611776967170401 0.5849146110056926 0.045336112558624284 0.5569259962049335
5 0.9551849921834289 0.07115749525616698 0.08858780614903596 0.14231499051233396
2 0.4085461177696717 0.6072106261859582 0.4085461177696717 0.6129032258064516 0.4111516414799375 0.6157495256166983 0.4757686294945284 0.6157495256166983 0.48045857217300675 0.6299810246679317 0.4768108389786347 0.6461100569259962 0.477853048462741 0.6622390891840607 0.48723293381969773 0.6793168880455408 0.48827514330380406 0.715370018975332 0.4898384575299635 0.7201138519924098 0.4940072954663887 0.7201138519924098 0.4955706096925482 0.7125237191650854 0.4955706096925482 0.6793168880455408 0.5054715997915581 0.6593927893738141 0.5065138092756644 0.6461100569259962 0.5028660760812923 0.6290322580645161 0.5101615424700364 0.6081593927893738 0.7545596664929651 0.5208728652751423 0.8301198540906722 0.4905123339658444 0.8363731109953101 0.48956356736242884 0.8452318916102136 0.5 0.8520062532569046 0.5 0.859822824387702 0.48956356736242884 0.8613861386138614 0.47438330170777987 0.8540906722251173 0.45920303605313095 0.8452318916102136 0.45825426944971537 0.8337675872850443 0.48007590132827327 0.5200625325690463 0.5929791271347249 0.5091193329859302 0.5958254269449715 0.49713392391870764 0.5834914611005693 0.4893173527879104 0.5825426944971537 0.4825429911412194 0.5872865275142315 0.4752475247524752 0.603415559772296 0.41896821261073475 0.603415559772296