4 0.5028660760812923 0.5830959164292497 0.7472642001042209 0.6894586894586895
3 0.10865033871808233 0.9515669515669516 0.05158936946326212 0.09306742640075974
3 0.49947889525794686 0.19990503323836656 0.04116727462219906 0.07502374169040836
3 0.8918707660239709 0.21367521367521367 0.0672225117248567 0.13675213675213677
5 0.9603960396039604 0.06837606837606838 0.0781657113079729 0.13675213675213677
3 0.10865033871808233 0.2184235517568851 0.0484627410109432 0.0949667616334283
6 0.41427826993225636 0.4700854700854701 0.028139656070870246 0.04938271604938271
1 0.962480458572173 0.5968660968660968 0.041688379364252216 0.5631528964862298
0 0.16050026055237102 0.2825261158594492 0.02709744658676394 0.0446343779677113
3 0.49973944762897343 0.9658119658119658 0.04377279833246483 0.06647673314339982
3 0.8900468994267848 0.9434947768281101 0.08025013027618551 0.1111111111111111
2 0.4176284523189161 0.4694074074074074 0.4890937988535696 0.9198205128205128 0.4786717040125065 0.9266039886039886 0.4086951537258989 0.4775470085470086