4 0.5015633142261594 0.5897435897435898 0.7529963522668056 0.6989553656220323
3 0.8892652423137051 0.9344729344729344 0.08077123501823867 0.1291547958214625
3 0.10708702449192288 0.2174738841405508 0.07034914017717561 0.1291547958214625
3 0.8908285565398645 0.21937321937321938 0.06618030224075039 0.1291547958214625
3 0.4953100573215216 0.9401709401709402 0.06513809275664409 0.1177587844254511
3 0.10995310057321521 0.9373219373219374 0.08233454924439812 0.12345679012345678
6 0.49426784783741534 0.6918328584995251 0.03178738926524231 0.05982905982905983
5 0.9611776967170401 0.06837606837606838 0.07660239708181345 0.13675213675213677
0 0.3785825951016154 0.4202279202279202 0.03804064616988015 0.05982905982905983
3 0.5039082855653987 0.20750237416904083 0.06044815007816571 0.11870845204178537
0 0.2894736842105263 0.28347578347578345 0.0286607608129234 0.04843304843304843
0 0.3684210526315789 0.5959164292497626 0.03751954142782699 0.06552706552706553
0 0.7339760291818656 0.4734093067426401 0.030745179781136008 0.05982905982905983
0 0.8520062532569046 0.36657169990503324 0.02709744658676394 0.05128205128205128
0 0.3807764460656592 0.47619183285849953 0.042433559145388225 0.05698005698005698