4 0.49817613340281397 0.5849952516619183 0.7576862949452841 0.6951566951566952
3 0.8903074517978113 0.9425451092117759 0.07972902553413236 0.11301044634377967
3 0.10838978634705576 0.22127255460588793 0.08025013027618551 0.14055080721747387
3 0.49973944762897343 0.20655270655270655 0.07191245440333507 0.10731244064577398
5 0.9614382490880667 0.06647673314339982 0.07399687337154769 0.13105413105413105
0 0.45883272537780095 0.4710351377018044 0.033871808233454925 0.05698005698005698
3 0.10865033871808233 0.9510921177587844 0.05263157894736842 0.09401709401709402
6 0.7464825429911413 0.7763532763532763 0.030745179781136008 0.04843304843304843
3 0.49973944762897343 0.9548907882241215 0.06253256904637833 0.08831908831908832
0 0.3996873371547681 0.5280151946818613 0.03751954142782699 0.06457739791073125
0 0.30354351224596143 0.2630579297245964 0.03491401771756123 0.06837606837606838
0 0.3952579468473163 0.704653371320038 0.03804064616988015 0.05887939221272555
0 0.18368942157373633 0.49335232668566004 0.03804064616988015 0.06742640075973409
0 0.7386659718603439 0.825735992402659 0.0297029702970297 0.050332383665717
0 0.8561750911933299 0.6168091168091168 0.030224075039082855 0.05982905982905983
0 0.16935904116727463 0.8219373219373219 0.028139656070870246 0.05413105413105413
0 0.3543512245961438 0.8822412155745489 0.02918186555497655 0.055080721747388414
3 0.890568004168838 0.21937321937321938 0.06253256904637833 0.1291547958214625