3 0.14604626143087682 0.23919753086419754 0.06293706293706294 0.11419753086419752
3 0.8380849919311458 0.9243827160493827 0.06132329209252286 0.12242798353909465
3 0.493006993006993 0.9331275720164609 0.05755782678859602 0.10699588477366255
3 0.8372781065088757 0.23765432098765432 0.05755782678859602 0.12139917695473251
3 0.49273803119956966 0.23045267489711935 0.05379236148466918 0.102880658436214
5 0.9639591178052717 0.10082304526748971 0.06993006993006994 0.13168724279835392
6 0.6277568585260893 0.5802469135802469 0.022592791823561054 0.043209876543209874
3 0.14739107046799355 0.926954732510288 0.055944055944055944 0.10905349794238683
0 0.7135556750941366 0.6013374485596708 0.02420656266810113 0.04218106995884774
0 0.5529854760623991 0.5180041152263375 0.031199569661108123 0.04835390946502058
0 0.7420656266810113 0.6172839506172839 0.02420656266810113 0.043209876543209874
0 0.6963421194190424 0.5426954732510288 0.022054868208714364 0.040123456790123455
0 0.678052716514255 0.4063786008230453 0.027434104357181282 0.04526748971193416
0 0.5037654653039269 0.7484567901234568 0.027434104357181282 0.044238683127572016
0 0.7052178590640129 0.7391975308641975 0.023668639053254437 0.04218106995884774
0 0.7103281334050565 0.41512345679012347 0.025282409897794515 0.04218106995884774
0 0.7748789671866595 0.33024691358024694 0.03066164604626143 0.051440329218107
0 0.6511565357719203 0.7093621399176955 0.022054868208714364 0.04218106995884774
0 0.5352339967724583 0.7335390946502057 0.023668639053254437 0.043209876543209874
0 0.7829478214093599 0.485082304526749 0.02420656266810113 0.044238683127572016
0 0.606508875739645 0.8055555555555556 0.026358257127487898 0.047325102880658436
0 0.6492092522861754 0.5857818930041152 0.0342926304464766 0.06044238683127572
4 0.49031737493275956 0.5823045267489712 0.671866594943518 0.6502057613168725
0 0.6976223776223777 0.5844958847736625 0.03698224852071006 0.05787037037037037