4 0.4900484131253362 0.5823045267489712 0.6713286713286714 0.6502057613168725
3 0.14846691769768694 0.23765432098765432 0.064550833781603 0.12139917695473251
3 0.492200107584723 0.2309670781893004 0.052716514254975796 0.10185185185185185
6 0.5597095212479828 0.5905349794238683 0.029585798816568046 0.05761316872427984
3 0.4924690693921463 0.9326131687242798 0.0586336740182894 0.10185185185185185
3 0.8378160301237224 0.9259259259259259 0.061861215707369556 0.12139917695473251
3 0.8378160301237224 0.2381687242798354 0.0586336740182894 0.12242798353909465
5 0.9644970414201184 0.09979423868312758 0.06885422270037654 0.1337448559670782
3 0.14604626143087682 0.9248971193415638 0.0650887573964497 0.11934156378600823
0 0.18746637977407207 0.3081275720164609 0.03066164604626143 0.04835390946502058
0 0.4701452393760086 0.5252057613168725 0.03442711135018827 0.056584362139917695
0 0.7237762237762237 0.39094650205761317 0.028509951586874662 0.04938271604938271
0 0.615115653577192 0.7098765432098766 0.027434104357181282 0.05555555555555555
0 0.6307154384077461 0.3081275720164609 0.03066164604626143 0.050411522633744855
0 0.48171059709521247 0.8487654320987654 0.029585798816568046 0.05555555555555555
0 0.26654115115653576 0.529835390946502 0.027434104357181282 0.047325102880658436
0 0.29451317912856373 0.2916666666666667 0.028509951586874662 0.04835390946502058
0 0.5548682087143626 0.29732510288065844 0.028509951586874662 0.051440329218107
0 0.7592791823561055 0.602366255144033 0.027434104357181282 0.056584362139917695
0 0.493006993006993 0.31995884773662553 0.028509951586874662 0.051440329218107
0 0.3176438945669715 0.801954732510288 0.03066164604626143 0.05452674897119342
0 0.5373856912318451 0.4058641975308642 0.025820333512641205 0.046296296296296294
0 0.6122270037654653 0.3401543209876543 0.027568585260892953 0.06558641975308642