4 0.49765502866076083 0.5839658444022771 0.7545596664929651 0.6954459203036053
3 0.890568004168838 0.22248576850094876 0.06982803543512246 0.1318785578747628
3 0.5015633142261594 0.20398481973434535 0.06409588327253778 0.10436432637571158
3 0.10943199583116206 0.9421252371916509 0.06982803543512246 0.11385199240986717
3 0.8910891089108911 0.9430740037950665 0.06670140698280354 0.11195445920303605
3 0.10812923397602918 0.22011385199240988 0.06618030224075039 0.12144212523719165
3 0.4992183428869203 0.9558823529411765 0.06982803543512246 0.08633776091081594
0 0.4051589369463262 0.5213472485768501 0.04116727462219906 0.0635673624288425
0 0.8303804064616988 0.3111954459203036 0.03178738926524231 0.05313092979127135
1 0.9609171443460135 0.5882352941176471 0.04689942678478374 0.5521821631878557
6 0.49166232412714955 0.7637571157495257 0.03908285565398645 0.06261859582542695
0 0.658676393955185 0.2647058823529412 0.03335070349140177 0.05313092979127135
0 0.26941115164147994 0.27988614800759015 0.02918186555497655 0.051233396584440226
0 0.47759249609171445 0.4032258064516129 0.03491401771756123 0.056925996204933584
0 0.7034914017717562 0.3221062618595825 0.031266284523189164 0.05787476280834915
5 0.9544033350703491 0.06925996204933586 0.09015112037519542 0.13851992409867173
0 0.7853778009379886 0.2724288425047438 0.03573215216258468 0.06505692599620493
2 0.49877175612298075 0.7752779886148008 0.7541130797290255 0.3036053130929791 0.7675127670661803 0.31715939278937383 0.7771907243355916 0.2927618595825427 0.847167274622199 0.268365275142315 0.847911933298593 0.25481119544592035 0.7771907243355916 0.25887760910815943 0.7675127670661803 0.25210056925996205 0.7608129233976029 0.15180265654648956 0.7444351224596143 0.1599345351043643 0.7511354872329339 0.25074573055028465 0.7399687337154768 0.2656546489563567 0.7451797811360084 0.28598576850094876 0.4883496612819177 0.7481698292220114