4 0.48843464228079614 0.5823045267489712 0.6691769768692846 0.6502057613168725
3 0.8380849919311458 0.23919753086419754 0.057019903173749324 0.1183127572016461
3 0.14685314685314685 0.23765432098765432 0.06132329209252286 0.11934156378600823
3 0.14604626143087682 0.9223251028806584 0.06939214631522324 0.12242798353909465
6 0.7003765465303927 0.4063786008230453 0.027972027972027972 0.053497942386831275
3 0.49327595481441633 0.9295267489711934 0.062399139322216246 0.11008230452674897
3 0.8353953738569123 0.9223251028806584 0.062399139322216246 0.12654320987654322
5 0.9647660032275417 0.09876543209876543 0.06724045185583648 0.12962962962962962
1 0.02151694459386767 0.5823045267489712 0.04303388918773534 0.5102880658436214
0 0.3464228079612695 0.8580246913580247 0.03335126412049489 0.05761316872427984
0 0.8004303388918773 0.5324074074074074 0.02474448628294782 0.050411522633744855
0 0.33942980096826253 0.6080246913580247 0.0322754168908015 0.051440329218107
0 0.17670790747713824 0.7808641975308642 0.027434104357181282 0.04526748971193416
0 0.27541689080150616 0.7402263374485597 0.03012372243141474 0.05246913580246913
0 0.34131253362022596 0.6712962962962963 0.028509951586874662 0.04835390946502058
0 0.16729424421732114 0.38425925925925924 0.03550295857988166 0.05246913580246913
3 0.49085529854760623 0.23199588477366256 0.055406132329209254 0.09567901234567901
2 0.692845615922539 0.39814814814814814 0.6933835395373857 0.411522633744856 0.6971490048413125 0.40843621399176955 0.7799892415277031 0.4835390946502058 0.8020441097364174 0.5874485596707819 0.8036578805809576 0.6080246913580247 0.8068854222700377 0.6069958847736625 0.8036578805809576 0.5524691358024691 0.8074233458848843 0.5411522633744856 0.8041958041958042 0.5370370370370371 0.807961269499731 0.5216049382716049 0.806347498655191 0.51440329218107 0.8095750403442711 0.49897119341563784 0.821947283485745 0.49176954732510286 0.85852608929532 0.48662551440329216 0.8708983324367939 0.4773662551440329 0.8692845615922539 0.4722222222222222 0.863905325443787 0.4711934156378601 0.8165680473372781 0.4845679012345679 0.807961269499731 0.48148148148148145 0.7988165680473372 0.47016460905349794 0.7848305540613233 0.4763374485596708 0.7267348036578806 0.42489711934156377 0.7041420118343196 0.4002057613168724 0.6966110812264659 0.4022633744855967
0 0.6576116191500807 0.3819444444444444 0.028240989779451317 0.051440329218107
0 0.1963421194190425 0.7812551440329218 0.029585798816568046 0.045010288065843625