4 0.4998905680041688 0.588119658119658 0.7600677436164669 0.6932573599240266
3 0.11166753517457008 0.21978157644824312 0.07593017196456488 0.13566951566951568
3 0.5010057321521626 0.21231718898385565 0.05806670140698281 0.11531813865147199
3 0.8914590932777489 0.2150332383665717 0.05881188118811881 0.12887939221272554
3 0.8884835852006253 0.9415954415954416 0.07071912454403335 0.1168091168091168
3 0.5006305367378844 0.9578727445394112 0.06327774882751433 0.08424501424501424
3 0.10831683168316833 0.943627730294397 0.08412193850964045 0.11273504273504273
6 0.6350807712350183 0.6310921177587844 0.030521104742053152 0.05698005698005698
0 0.7255445544554455 0.33602089268755936 0.03201146430432517 0.06511870845204178
5 0.9503856175091193 0.0698670465337132 0.09922876498176132 0.1397340930674264
0 0.4844346013548723 0.3515099715099715 0.0372225117248567 0.059696106362773026
0 0.4706513809275664 0.4902659069325736 0.03498697238144867 0.05426400759734093
0 0.52519541427827 0.37399810066476735 0.024564877540385617 0.04527065527065527
0 0.46840020844189684 0.8356125356125356 0.024523189161021367 0.04554605887939221
0 0.42318394997394476 0.7646058879392212 0.02433559145388223 0.045802469135802465
0 0.6753778009379885 0.4889553656220323 0.02433559145388223 0.04544159544159544
0 0.7805940594059406 0.4762013295346629 0.02381969775924961 0.0432383665716999
0 0.3670818134445023 0.7532383665716998 0.02447628973423658 0.045716999050332385
0 0.6909484106305368 0.26375118708452044 0.023694632621156852 0.044938271604938275
0 0.7558676393955185 0.5853371320037987 0.03573215216258468 0.059696106362773026
0 0.4453778009379885 0.5932003798670465 0.03647733194372069 0.06105413105413106
0 0.8366857738405419 0.5632098765432099 0.032756644085461174 0.06105413105413106
0 0.8468316831683168 0.3512535612535613 0.028144867118290777 0.062440645773979106