4 0.4986972381448671 0.5872865275142315 0.7587285044293903 0.6963946869070209
3 0.10786868160500261 0.22011385199240988 0.06774361646690985 0.12144212523719165
3 0.10917144346013549 0.9421252371916509 0.06930693069306931 0.11385199240986717
3 0.49817613340281397 0.952561669829222 0.06774361646690985 0.09297912713472485
6 0.8514851485148515 0.47770398481973436 0.03230849400729546 0.0730550284629981
3 0.890568004168838 0.9421252371916509 0.06774361646690985 0.11385199240986717
3 0.8918707660239709 0.2239089184060721 0.06513809275664409 0.12333965844402277
3 0.5007816571130798 0.2073055028462998 0.0573215216258468 0.09772296015180265
0 0.41766545075560185 0.4122390891840607 0.03282959874934862 0.061669829222011384
0 0.4911412193850964 0.650853889943074 0.03178738926524231 0.05502846299810247
5 0.9554455445544554 0.0730550284629981 0.0880667014069828 0.1461100569259962