4 0.501823866597186 0.5906072106261859 0.7608129233976029 0.6973434535104365
3 0.10812923397602918 0.9492409867172675 0.060969254820218866 0.09962049335863378
3 0.5007816571130798 0.19971537001897532 0.05211047420531527 0.09392789373814042
3 0.10760812923397603 0.21916508538899432 0.06305367378843148 0.1157495256166983
3 0.8910891089108911 0.9416508538899431 0.06670140698280354 0.11480075901328274
3 0.8913496612819176 0.22580645161290322 0.06618030224075039 0.1252371916508539
6 0.691245440333507 0.5654648956356736 0.030745179781136008 0.056925996204933584
0 0.491401771756123 0.6513282732447818 0.03751954142782699 0.05977229601518026
0 0.8267326732673267 0.32969639468690703 0.0286607608129234 0.05787476280834915
0 0.37415320479416364 0.32637571157495254 0.031266284523189164 0.04743833017077799
0 0.7118290776446066 0.6280834914611005 0.02709744658676394 0.056925996204933584
0 0.341323606044815 0.7300759013282733 0.031266284523189164 0.05787476280834915
0 0.677696717040125 0.27988614800759015 0.030745179781136008 0.05313092979127135
3 0.49973944762897343 0.9539848197343453 0.05627931214174049 0.09013282732447818
5 0.9583116206357478 0.07020872865275142 0.08025013027618551 0.1366223908918406