4 0.49031737493275956 0.5838477366255144 0.6707907477138246 0.6491769547325102
3 0.14739107046799355 0.23508230452674897 0.06132329209252286 0.12037037037037036
3 0.8386229155459924 0.2366255144032922 0.052716514254975796 0.11728395061728394
3 0.14631522323830015 0.926954732510288 0.05917159763313609 0.10905349794238683
5 0.9647660032275417 0.10030864197530864 0.06724045185583648 0.13065843621399176
3 0.492200107584723 0.23199588477366256 0.052716514254975796 0.09979423868312758
3 0.8386229155459924 0.9274691358024691 0.055944055944055944 0.11213991769547325
6 0.4203873050026896 0.41100823045267487 0.03388918773534158 0.05246913580246913
0 0.7261968800430338 0.34516460905349794 0.031199569661108123 0.050411522633744855
0 0.5919849381387843 0.7330246913580247 0.027434104357181282 0.06481481481481481
0 0.2772996234534696 0.7458847736625515 0.0328133405056482 0.06378600823045268
0 0.5371167294244217 0.4737654320987654 0.023130715438407747 0.046296296296296294
0 0.34023668639053256 0.6080246913580247 0.03173749327595481 0.053497942386831275
0 0.6070467993544917 0.4506172839506173 0.026358257127487898 0.047325102880658436
0 0.34131253362022596 0.6702674897119342 0.0328133405056482 0.06481481481481481
0 0.1769768692845616 0.779835390946502 0.03012372243141474 0.05761316872427984
0 0.5115653577192039 0.40483539094650206 0.025820333512641205 0.04218106995884774
0 0.16729424421732114 0.3837448559670782 0.03550295857988166 0.051440329218107
0 0.6511565357719203 0.6574074074074074 0.028509951586874662 0.05761316872427984
3 0.49166218396987627 0.9351851851851852 0.04518558364712211 0.09670781893004116