4 0.5005211047420531 0.5882352941176471 0.7623762376237624 0.698292220113852
3 0.890568004168838 0.9416508538899431 0.06670140698280354 0.11480075901328274
3 0.49817613340281397 0.9573055028462998 0.07191245440333507 0.08349146110056926
3 0.8921313183949974 0.22343453510436434 0.06670140698280354 0.12428842504743833
3 0.10917144346013549 0.9430740037950665 0.068264721208963 0.11195445920303605
3 0.10786868160500261 0.2215370018975332 0.06982803543512246 0.12239089184060721
3 0.501823866597186 0.20398481973434535 0.0594059405940594 0.10436432637571158
6 0.6044815007816571 0.7509487666034156 0.02918186555497655 0.05218216318785579
0 0.5145909327774882 0.3187855787476281 0.026576341844710787 0.051233396584440226
0 0.7256383533090152 0.36764705882352944 0.027618551328817093 0.05787476280834915
0 0.6581552892131318 0.5460151802656547 0.028139656070870246 0.05787476280834915
0 0.39134966128191767 0.5502846299810247 0.03230849400729546 0.056925996204933584
0 0.6857738405419489 0.5213472485768501 0.03230849400729546 0.05977229601518026
0 0.621156852527358 0.424573055028463 0.02918186555497655 0.0635673624288425
5 0.955706096925482 0.07210626185958255 0.08754559666492966 0.1442125237191651
0 0.7113079729025534 0.631404174573055 0.02918186555497655 0.055977229601518026
0 0.655549765502866 0.8164136622390892 0.028139656070870246 0.05028462998102467