4 0.4992183428869203 0.5859449192782527 0.7556018759770714 0.6970560303893637
3 0.890568004168838 0.9434947768281101 0.08337675872850443 0.1111111111111111
5 0.9614382490880667 0.06647673314339982 0.07503908285565399 0.13105413105413105
3 0.10838978634705576 0.9510921177587844 0.05211047420531527 0.09211775878442545
0 0.19906201146430433 0.5555555555555556 0.02918186555497655 0.05698005698005698
3 0.5 0.9658119658119658 0.045336112558624284 0.06647673314339982
0 0.3303804064616988 0.2905982905982906 0.034392912975508075 0.06457739791073125
3 0.10995310057321521 0.22459639126305794 0.08129233976029182 0.1396011396011396
0 0.33663366336633666 0.405982905982906 0.03335070349140177 0.06172839506172839
0 0.453882230328296 0.7174738841405508 0.028139656070870246 0.052231718898385564
6 0.8621677957269411 0.8945868945868946 0.03178738926524231 0.05318138651471985
0 0.257686294945284 0.3755935422602089 0.03282959874934862 0.07122507122507123
0 0.44893173527879104 0.4577397910731244 0.033871808233454925 0.05698005698005698
3 0.49973944762897343 0.20845204178537513 0.06982803543512246 0.10731244064577398
3 0.8916102136529442 0.2174738841405508 0.05627931214174049 0.100664767331434