3 0.8900468994267848 0.9397533206831119 0.07087024491922876 0.11859582542694497
3 0.10969254820218864 0.9416508538899431 0.07034914017717561 0.11480075901328274
3 0.4986972381448671 0.956831119544592 0.06982803543512246 0.08444022770398482
3 0.5002605523710266 0.20161290322580644 0.04689942678478374 0.09013282732447818
3 0.8916102136529442 0.22343453510436434 0.06670140698280354 0.11859582542694497
0 0.570088587806149 0.5958254269449715 0.028139656070870246 0.05502846299810247
4 0.49947889525794686 0.5891840607210627 0.7592496091714435 0.6963946869070209
3 0.10812923397602918 0.21963946869070208 0.06201146430432517 0.11480075901328274
6 0.4794163626889005 0.6152751423149905 0.030224075039082855 0.054079696394686905
0 0.2717561229807191 0.4269449715370019 0.033871808233454925 0.058823529411764705
5 0.9567483064095883 0.07020872865275142 0.08546117769671704 0.14041745730550284
0 0.6305367378843147 0.8937381404174574 0.03335070349140177 0.05313092979127135
0 0.7415320479416363 0.9089184060721063 0.02918186555497655 0.04743833017077799