4 0.49381387842926305 0.5808950617283951 0.6756320602474448 0.6494341563786008
5 0.965034965034965 0.10030864197530864 0.06777837547068316 0.13065843621399176
3 0.8375470683162991 0.23765432098765432 0.05379236148466918 0.11934156378600823
3 0.14685314685314685 0.2366255144032922 0.05917159763313609 0.11728395061728394
0 0.8004303388918773 0.529835390946502 0.02689618074233459 0.047325102880658436
0 0.6565357719203873 0.37911522633744854 0.026358257127487898 0.046296296296296294
0 0.3458848843464228 0.8580246913580247 0.03335126412049489 0.05555555555555555
3 0.8375470683162991 0.9243827160493827 0.05809575040344271 0.12242798353909465
0 0.17670790747713824 0.779835390946502 0.027434104357181282 0.047325102880658436
3 0.4943518020441097 0.23199588477366256 0.05056481979558903 0.09773662551440329
0 0.27353415814954274 0.7366255144032922 0.03066164604626143 0.04938271604938271
3 0.14631522323830015 0.9248971193415638 0.0656266810112964 0.11934156378600823
0 0.16729424421732114 0.3837448559670782 0.03335126412049489 0.04938271604938271
6 0.7025282409897795 0.4038065843621399 0.027972027972027972 0.046296296296296294