4 0.4995153725898906 0.5868785578747628 0.7593225638353309 0.6966698292220114
3 0.11203751954142782 0.2236337760910816 0.08114121938509641 0.13011385199240985
3 0.5010057321521626 0.20601518026565463 0.06848879624804587 0.10572106261859583
3 0.8929494528400208 0.2243168880455408 0.06625325690463783 0.12605313092979128
3 0.8892287649817614 0.939146110056926 0.06178738926524231 0.12171726755218215
3 0.4972850442939031 0.9581214421252372 0.07146430432516936 0.08376660341555978
3 0.11017717561229808 0.9371062618595826 0.07295466388744137 0.12577798861480075
5 0.9570818134445024 0.07387096774193548 0.08583116206357479 0.14773244781783682
0 0.6498905680041689 0.34494307400379504 0.02829077644606566 0.06641366223908918
0 0.5780562793121418 0.29004743833017077 0.03201146430432517 0.05421252371916509
6 0.7928243877019281 0.747495256166983 0.032756644085461174 0.050151802656546486
0 0.18573736321000522 0.4127134724857685 0.029030745179781138 0.05556925996204934
0 0.5106826472120897 0.7874762808349146 0.0372225117248567 0.06505692599620493
0 0.8527514330380407 0.8477893738140418 0.026055237102657634 0.04743833017077799