4 0.5034966128191767 0.5905407969639468 0.7602918186555497 0.7001897533206831
3 0.8908285565398645 0.9416508538899431 0.0672225117248567 0.11480075901328274
3 0.10838978634705576 0.2215370018975332 0.07191245440333507 0.12618595825426945
3 0.49843668577384054 0.9539848197343453 0.068264721208963 0.09013282732447818
3 0.892391870766024 0.2215370018975332 0.06618030224075039 0.12618595825426945
3 0.5005211047420531 0.20161290322580644 0.05263157894736842 0.09962049335863378
0 0.7240750390828556 0.5436432637571158 0.027618551328817093 0.04743833017077799
3 0.10838978634705576 0.9454459203036053 0.06670140698280354 0.10721062618595825
6 0.3069306930693069 0.5858633776091081 0.03335070349140177 0.054079696394686905
0 0.721990620114643 0.6290322580645161 0.024491922876498175 0.04554079696394687
1 0.9616988014590933 0.5906072106261859 0.045336112558624284 0.5569259962049335
0 0.7634184471078687 0.5863377609108159 0.02501302761855133 0.04554079696394687
0 0.68264721208963 0.5891840607210627 0.026055237102657634 0.04554079696394687
5 0.9559666492965087 0.06925996204933586 0.08702449192287649 0.13851992409867173
0 0.7018603439291297 0.5653510436432637 0.02178217821782178 0.04800759013282733
0 0.7433246482542991 0.5632637571157495 0.026753517457008862 0.05218216318785579
0 0.7246013548723294 0.5897058823529411 0.024460656591974987 0.042447817836812146
0 0.7024335591453882 0.6067552182163187 0.02140177175612298 0.04174573055028463
0 0.7419906201146431 0.6081404174573055 0.02178217821782178 0.03896584440227704
2 0.31247316310578427 0.597360531309298 0.6591229807191246 0.5644696394686908 0.6698645127670662 0.5831375711574952 0.677676393955185 0.5858045540796963 0.6981823866597185 0.6604743833017077 0.7074590932777488 0.6524743833017077 0.6884174048983847 0.5751375711574953 0.6879291297550808 0.5520246679316888 0.7499359041167274 0.4933557874762808 0.741147472642001 0.4702438330170778 0.6840234497133925 0.5244686907020872 0.6669348619072434 0.5173567362428843 0.6537524752475247 0.5404686907020873 0.30954403335070346 0.5751375711574953