4 0.49817613340281397 0.5859449192782527 0.7576862949452841 0.6970560303893637
3 0.8903074517978113 0.9425451092117759 0.07868681605002606 0.11301044634377967
3 0.10838978634705576 0.22127255460588793 0.08025013027618551 0.14055080721747387
3 0.49973944762897343 0.20655270655270655 0.07191245440333507 0.10731244064577398
5 0.9614382490880667 0.06647673314339982 0.07399687337154769 0.13105413105413105
0 0.4585721730067744 0.46961063627730293 0.034392912975508075 0.057929724596391265
6 0.7464825429911413 0.7763532763532763 0.030745179781136008 0.04843304843304843
3 0.49973944762897343 0.9548907882241215 0.06253256904637833 0.08831908831908832
0 0.3996873371547681 0.5289648622981956 0.03751954142782699 0.06457739791073125
0 0.30354351224596143 0.2630579297245964 0.03491401771756123 0.06837606837606838
0 0.18368942157373633 0.49240265906932573 0.03699843668577384 0.06742640075973409
3 0.10838978634705576 0.9515669515669516 0.05211047420531527 0.09306742640075974
0 0.3952579468473163 0.7051282051282052 0.03804064616988015 0.05982905982905983
0 0.7389265242313705 0.8243114909781576 0.02918186555497655 0.05128205128205128
0 0.8564356435643564 0.6168091168091168 0.030745179781136008 0.05982905982905983
0 0.3543512245961438 0.8822412155745489 0.030224075039082855 0.05698005698005698
3 0.890568004168838 0.21937321937321938 0.06253256904637833 0.1291547958214625
0 0.8827514330380406 0.9601139601139601 0.02501302761855133 0.055080721747388414