4 0.49843668577384054 0.5901328273244781 0.7571651902032308 0.698292220113852
3 0.11099531005732152 0.9388045540796964 0.07503908285565399 0.1204933586337761
3 0.10838978634705576 0.2215370018975332 0.07191245440333507 0.12618595825426945
3 0.8908285565398645 0.9473434535104365 0.06201146430432517 0.1015180265654649
3 0.8918707660239709 0.22343453510436434 0.06513809275664409 0.12618595825426945
6 0.6164669098488796 0.4658444022770398 0.034392912975508075 0.06261859582542695
3 0.49947889525794686 0.20635673624288425 0.060969254820218866 0.1015180265654649
3 0.4989577905158937 0.956831119544592 0.06513809275664409 0.08444022770398482
1 0.9619593538301199 0.5868121442125237 0.04273058884835852 0.5550284629981025
0 0.6800416883793643 0.2851043643263757 0.031266284523189164 0.054079696394686905
0 0.13809275664408546 0.7129981024667932 0.02709744658676394 0.04838709677419355
5 0.955706096925482 0.07020872865275142 0.08754559666492966 0.14041745730550284
0 0.7021886399166233 0.5849146110056926 0.033871808233454925 0.05977229601518026
0 0.8517457008858781 0.34582542694497154 0.027618551328817093 0.055977229601518026
0 0.22772277227722773 0.8477229601518027 0.026055237102657634 0.046489563567362426
0 0.8507034914017717 0.7049335863377609 0.0297029702970297 0.056925996204933584
0 0.6990620114643044 0.8111954459203036 0.027618551328817093 0.058823529411764705
2 0.6223480979676915 0.4676062618595826 0.7042360604481501 0.7535920303605312 0.7637905158936946 0.7563026565464895 0.7660239708181344 0.7847656546489564 0.7064689942678478 0.7861204933586338 0.7049801980198019 0.9487666034155597 0.6945581031787389 0.9501223908918406 0.6967915581031787 0.7793444022770398 0.6104372068785826 0.4757390891840607