4 0.4919311457772996 0.581275720164609 0.6772458310919849 0.6522633744855967
3 0.14685314685314685 0.2381687242798354 0.06132329209252286 0.12037037037037036
3 0.8364712210866057 0.9207818930041153 0.0656266810112964 0.12962962962962962
3 0.4935449166218397 0.9295267489711934 0.06293706293706294 0.11008230452674897
3 0.8378160301237224 0.23919753086419754 0.05970952124798279 0.11419753086419752
3 0.14550833781603012 0.9233539094650206 0.07046799354491662 0.12037037037037036
6 0.41877353415814955 0.4588477366255144 0.03388918773534158 0.053497942386831275
3 0.4919311457772996 0.2309670781893004 0.055406132329209254 0.09979423868312758
5 0.9647660032275417 0.09876543209876543 0.06616460462614308 0.12757201646090535
0 0.3464228079612695 0.8580246913580247 0.03335126412049489 0.05761316872427984
0 0.2748789671866595 0.7386831275720165 0.031199569661108123 0.053497942386831275
0 0.3399677245831092 0.6080246913580247 0.031199569661108123 0.051440329218107
0 0.3418504572350726 0.6712962962962963 0.027434104357181282 0.04835390946502058
0 0.17616998386229155 0.7808641975308642 0.029585798816568046 0.047325102880658436
0 0.657073695535234 0.38065843621399176 0.026358257127487898 0.053497942386831275
0 0.1670252824098978 0.3837448559670782 0.03496503496503497 0.051440329218107
0 0.19802582033351263 0.779320987654321 0.03160301237224314 0.06430041152263374