4 0.49421732114039807 0.5838477366255144 0.6724045185583647 0.6430041152263375
3 0.14759548144163528 0.2417695473251029 0.06791285637439484 0.13631687242798354
3 0.4915277030661646 0.23019547325102882 0.056481979558902634 0.102880658436214
3 0.8398332436793975 0.24113168724279835 0.06051640667025283 0.11445473251028807
3 0.14625067240451856 0.9246399176954733 0.07194728348574503 0.1183127572016461
3 0.4928725121032813 0.9259259259259259 0.061861215707369556 0.11316872427983539
3 0.834792899408284 0.9137139917695474 0.06791285637439484 0.13503086419753085
0 0.342926304464766 0.6706584362139918 0.028240989779451317 0.045010288065843625
0 0.3399031737493276 0.6076440329218107 0.030258203335126414 0.05529835390946502
0 0.34628832705755785 0.8590534979423868 0.03362022592791824 0.06172839506172839
0 0.6579505110274342 0.38130658436213993 0.026223776223776224 0.06044238683127572
0 0.19802582033351263 0.7818930041152263 0.030258203335126414 0.0411522633744856
0 0.1694459386767079 0.38387860082304526 0.03496503496503497 0.05015432098765432
0 0.178859601936525 0.7851131687242798 0.029585798816568046 0.05015432098765432
0 0.2770306616460463 0.7439609053497942 0.028240989779451317 0.052726337448559674
6 0.21651425497579344 0.4462448559670782 0.03496503496503497 0.048868312757201646
5 0.9601936525013448 0.10030864197530864 0.06589564281871974 0.14146090534979425