4 0.5 0.5891840607210627 0.7634184471078687 0.7039848197343453
3 0.10891089108910891 0.9407020872865275 0.06774361646690985 0.11669829222011385
3 0.10838978634705576 0.2215370018975332 0.07087024491922876 0.12428842504743833
3 0.5028660760812923 0.2073055028462998 0.06357477853048463 0.10341555977229601
3 0.8921313183949974 0.22343453510436434 0.06774361646690985 0.12618595825426945
3 0.8908285565398645 0.9440227703984819 0.0672225117248567 0.11005692599620494
3 0.49817613340281397 0.952561669829222 0.06670140698280354 0.09297912713472485
6 0.6735278791036998 0.32874762808349145 0.033871808233454925 0.055977229601518026
0 0.47967691505992704 0.47058823529411764 0.030745179781136008 0.06072106261859583
5 0.953882230328296 0.07210626185958255 0.09119332985930172 0.1442125237191651
0 0.14278269932256382 0.7604364326375711 0.03230849400729546 0.055977229601518026
0 0.46043251693590415 0.5773908918406072 0.03647733194372069 0.06777039848197344