4 0.4995153725898906 0.5833713200379866 0.7533663366336634 0.6918993352326687
3 0.890343929129755 0.21706552706552706 0.05657634184471078 0.1085375118708452
3 0.5 0.19921177587844255 0.040771235018238663 0.0743019943019943
3 0.11029181865554977 0.2142355175688509 0.052522146951537264 0.09393162393162392
3 0.11083897863470557 0.9476923076923076 0.05145388223032829 0.0917094017094017
3 0.49914538822303284 0.9619468186134852 0.04689942678478374 0.07610636277302944
3 0.8895987493486192 0.951025641025641 0.05211047420531527 0.09768281101614434
6 0.6629129755080772 0.41513770180436843 0.026055237102657634 0.04884140550807217
0 0.39236581552892136 0.5884805318138651 0.024564877540385617 0.0501994301994302
0 0.6036842105263158 0.8115859449192783 0.025039082855653986 0.04632478632478632
0 0.5763470557582074 0.41275403608736944 0.024382490880667015 0.04596391263057929
0 0.7787597707139136 0.735792972459639 0.02829077644606566 0.05833808167141501
5 0.9562272016675352 0.06376068376068376 0.06923397602918187 0.11667616334283001
0 0.14928608650338718 0.7260968660968662 0.03647733194372069 0.052905982905982904
2 0.7744085461177697 0.6914245014245015 0.02829077644606566 0.04612535612535613
0 0.6223501823866597 0.4432288698955366 0.023866597186034393 0.04469135802469136
2 0.6655252735799896 0.4137834757834758 0.7749572694111516 0.6837606837606838 0.8293011985409068 0.6634102564102564 0.8307899947889527 0.6796904083570751 0.7734684731631059 0.6986837606837607 0.6558473163105784 0.4232801519468186
2 0.782401771756123 0.7312440645773979 0.7972902553413236 0.8628404558404559 0.7876128191766546 0.8628404558404559 0.7764460656591975 0.7326011396011396