4 0.49817613340281397 0.5882352941176471 0.7608129233976029 0.7058823529411765
3 0.8916102136529442 0.21916508538899432 0.06982803543512246 0.127134724857685
3 0.10891089108910891 0.22011385199240988 0.07191245440333507 0.127134724857685
3 0.49817613340281397 0.9530360531309298 0.06878582595101615 0.0920303605313093
3 0.890568004168838 0.9421252371916509 0.06774361646690985 0.11385199240986717
3 0.10917144346013549 0.9407020872865275 0.06930693069306931 0.11669829222011385
6 0.48827514330380406 0.45635673624288425 0.034392912975508075 0.056925996204933584
3 0.5007816571130798 0.20635673624288425 0.0583637311099531 0.09582542694497154
1 0.9611776967170401 0.5868121442125237 0.045336112558624284 0.5531309297912713
5 0.9546638874413758 0.07115749525616698 0.08963001563314227 0.14231499051233396
0 0.12532569046378322 0.8975332068311196 0.0286607608129234 0.04743833017077799
2 0.48045857217300675 0.4430740037950664 0.47837415320479415 0.45351043643263755 0.4815007816571131 0.47058823529411764 0.4856696195935383 0.47533206831119545 0.4940072954663887 0.47533206831119545 0.5028660760812923 0.45920303605313095 0.5096404377279833 0.45540796963946867 0.8478374153204794 0.3538899430740038 0.8514851485148515 0.35294117647058826 0.8650338718082334 0.3681214421252372 0.8728504429390307 0.3681214421252372 0.8801459093277749 0.3605313092979127 0.8832725377800938 0.34345351043643263 0.8811881188118812 0.32922201138519924 0.8738926524231371 0.3187855787476281 0.8686816050026055 0.31688804554079697 0.859822824387702 0.3216318785578748 0.8540906722251173 0.3396584440227704 0.8436685773840542 0.34535104364326374 0.5091193329859302 0.4449715370018975 0.5054715997915581 0.4459203036053131 0.491401771756123 0.43453510436432635 0.48514851485148514 0.43548387096774194