3 0.5002605523710266 0.20417853751187084 0.04466388744137571 0.08004748338081671
3 0.892579468473163 0.22113960113960116 0.05062011464304325 0.0949667616334283
3 0.8907191245440333 0.950417853751187 0.060297029702970295 0.09916429249762583
3 0.5010057321521626 0.9612630579297247 0.05806670140698281 0.07746438746438745
3 0.10906201146430432 0.9558404558404558 0.0573215216258468 0.08831908831908832
0 0.36477331943720687 0.3120322886989554 0.026800416883793643 0.05426400759734093
0 0.17978113600833767 0.7583760683760684 0.0409431995831162 0.05426400759734093
0 0.2307764460656592 0.8641975308641975 0.029775924960917143 0.05426400759734093
0 0.295539343408025 0.8811585944919278 0.0372225117248567 0.06647673314339982
0 0.4120427305888484 0.5107882241215574 0.029030745179781138 0.055622032288698955
0 0.4708546117769672 0.6261063627730294 0.03201146430432517 0.07733143399810068
0 0.4916988014590933 0.8384235517568851 0.030521104742053152 0.0705508072174739
0 0.6543564356435644 0.8031433998100665 0.0372225117248567 0.06783475783475784
0 0.7783064095883272 0.5915099715099715 0.02754559666492965 0.051557454890788224
0 0.6867430953621677 0.5365622032288699 0.02754559666492965 0.052905982905982904
0 0.7634184471078687 0.26929724596391263 0.02754559666492965 0.055622032288698955
0 0.5758207399687337 0.41174738841405506 0.03201146430432517 0.05833808167141501
6 0.30484627410109433 0.8201044634377969 0.030521104742053152 0.052905982905982904
5 0.9606930693069307 0.06511870845204178 0.07220948410630536 0.12209876543209876