4 0.5026055237102658 0.599146110056926 0.7519541427826993 0.7182163187855788
3 0.8926524231370505 0.2215370018975332 0.06565919749869724 0.12428842504743833
3 0.4979155810317874 0.9530360531309298 0.068264721208963 0.0920303605313093
3 0.10917144346013549 0.9430740037950665 0.06930693069306931 0.11195445920303605
3 0.10917144346013549 0.22106261859582543 0.07451797811360084 0.13092979127134724
3 0.8908285565398645 0.9421252371916509 0.0672225117248567 0.11385199240986717
1 0.9614382490880667 0.5891840607210627 0.04377279833246483 0.5502846299810247
6 0.17326732673267325 0.4430740037950664 0.03491401771756123 0.06451612903225806
3 0.5 0.20635673624288425 0.05263157894736842 0.09392789373814042
5 0.9554455445544554 0.06925996204933586 0.0880667014069828 0.13851992409867173
2 0.1741980198019802 0.4526973434535104 0.8285565398645127 0.6126318785578748 0.8955554976550286 0.6980208728652751 0.903 0.6736242884250474 0.8464231370505472 0.5977229601518027 0.870244919228765 0.5191110056925996 0.8538671182907764 0.4960692599620493 0.8255789473684211 0.5814582542694496 0.17643095362167796 0.4228785578747628
0 0.8490307451797812 0.6255123339658444 0.03350182386659719 0.07183111954459202