4 0.5014903595622721 0.5878442545109211 0.7592496091714435 0.6932573599240266
3 0.890568004168838 0.21937321937321938 0.06774361646690985 0.12535612535612536
3 0.10760812923397603 0.2174738841405508 0.06930693069306931 0.1291547958214625
3 0.8895257946847316 0.9401709401709402 0.07087024491922876 0.1177587844254511
3 0.10969254820218864 0.9411206077872745 0.07868681605002606 0.11585944919278253
5 0.9611776967170401 0.06742640075973409 0.07660239708181345 0.13485280151946819
3 0.5039082855653987 0.20892687559354226 0.061490359562272015 0.12155745489078823
3 0.4989577905158937 0.9472934472934473 0.06305367378843148 0.10351377018043685
0 0.29025534132360603 0.28347578347578345 0.028139656070870246 0.04843304843304843
0 0.38040646169880143 0.41927825261158597 0.03335070349140177 0.0560303893637227
0 0.49817613340281397 0.7787274453941121 0.028139656070870246 0.05887939221272555
6 0.27931214174048985 0.45346628679962014 0.031266284523189164 0.0560303893637227
0 0.6138613861386139 0.4838556505223172 0.031266284523189164 0.05413105413105413
0 0.38275143303804066 0.8347578347578347 0.0297029702970297 0.05318138651471985
0 0.36816050026055236 0.5944919278252612 0.03804064616988015 0.06457739791073125
0 0.38115164147993746 0.47550807217473884 0.03424179260031266 0.06376068376068376