4 0.5026055237102658 0.5882352941176471 0.764460656591975 0.698292220113852
3 0.11099531005732152 0.9388045540796964 0.07087024491922876 0.1204933586337761
3 0.8916102136529442 0.22485768500948766 0.06670140698280354 0.1252371916508539
3 0.10865033871808233 0.2215370018975332 0.07139134966128191 0.12618595825426945
3 0.8908285565398645 0.9421252371916509 0.0672225117248567 0.11385199240986717
3 0.4989577905158937 0.9549335863377609 0.06513809275664409 0.08823529411764706
3 0.5007816571130798 0.20635673624288425 0.06461698801459093 0.10341555977229601
0 0.4958311620635748 0.37855787476280833 0.0297029702970297 0.06072106261859583
0 0.13809275664408546 0.7115749525616698 0.026055237102657634 0.04933586337760911
0 0.8350703491401772 0.5213472485768501 0.0286607608129234 0.06546489563567362
0 0.6797811360083377 0.2851043643263757 0.0297029702970297 0.054079696394686905
0 0.22772277227722773 0.8481973434535104 0.02709744658676394 0.04554079696394687
5 0.955706096925482 0.07020872865275142 0.08754559666492966 0.14041745730550284
0 0.8520062532569046 0.34582542694497154 0.028139656070870246 0.055977229601518026
0 0.8507034914017717 0.7049335863377609 0.0286607608129234 0.05502846299810247
6 0.15164147993746743 0.8135673624288425 0.02918186555497655 0.05028462998102467