4 0.4989577905158937 0.5849952516619183 0.7561229807191245 0.6951566951566952
3 0.49973944762897343 0.9558404558404558 0.06565919749869724 0.08641975308641975
6 0.4825429911412194 0.8670465337132004 0.039603960396039604 0.06647673314339982
5 0.9614382490880667 0.06647673314339982 0.07503908285565399 0.13105413105413105
0 0.19906201146430433 0.5550807217473884 0.031266284523189164 0.057929724596391265
0 0.4528400208441897 0.7174738841405508 0.03335070349140177 0.0560303893637227
3 0.10812923397602918 0.9510921177587844 0.05158936946326212 0.09211775878442545
0 0.3303804064616988 0.2905982905982906 0.034392912975508075 0.06457739791073125
3 0.10995310057321521 0.22459639126305794 0.08129233976029182 0.1396011396011396
0 0.33663366336633666 0.405982905982906 0.03335070349140177 0.06172839506172839
0 0.25794684731631057 0.3755935422602089 0.03230849400729546 0.07122507122507123
0 0.4486711829077645 0.456315289648623 0.03335070349140177 0.0560303893637227
3 0.49973944762897343 0.20987654320987653 0.06982803543512246 0.10826210826210826
3 0.8916102136529442 0.2174738841405508 0.05627931214174049 0.100664767331434
3 0.8903074517978113 0.9425451092117759 0.08702449192287649 0.11301044634377967