4 0.4992183428869203 0.5868945868945868 0.7576862949452841 0.6932573599240266
3 0.8895257946847316 0.9344729344729344 0.08129233976029182 0.1291547958214625
3 0.1112558624283481 0.2198480531813865 0.07347576862949452 0.13770180436847104
3 0.8903074517978113 0.21937321937321938 0.068264721208963 0.12535612535612536
3 0.10891089108910891 0.9425451092117759 0.08025013027618551 0.11301044634377967
5 0.960656591974987 0.06837606837606838 0.07764460656591975 0.13675213675213677
3 0.5039082855653987 0.20845204178537513 0.06044815007816571 0.12060778727445394
0 0.2907764460656592 0.28347578347578345 0.028139656070870246 0.04843304843304843
3 0.4989577905158937 0.9491927825261158 0.06305367378843148 0.09971509971509972
6 0.1685773840541949 0.2905982905982906 0.03178738926524231 0.05128205128205128
0 0.27879103699843666 0.8798670465337132 0.031266284523189164 0.05413105413105413
0 0.4546638874413757 0.2948717948717949 0.03282959874934862 0.052231718898385564
0 0.6138613861386139 0.4829059829059829 0.031266284523189164 0.05413105413105413
0 0.49817613340281397 0.7782526115859449 0.02918186555497655 0.057929724596391265
0 0.3811881188118812 0.4748338081671415 0.03282959874934862 0.06267806267806268
0 0.6985409067222512 0.2792022792022792 0.0297029702970297 0.05318138651471985
0 0.3684210526315789 0.5949667616334283 0.0385617509119333 0.06362773029439696
0 0.14278269932256382 0.7659069325735992 0.02918186555497655 0.052231718898385564