6 0.3483585200625326 0.35422602089268757 0.05054715997915581 0.0778727445394112
0 0.7769671704012506 0.3637226970560304 0.04064616988014591 0.0778727445394112
0 0.21235018238665973 0.23931623931623933 0.042209484106305366 0.07977207977207977
0 0.5898905680041688 0.6961063627730294 0.04377279833246483 0.08167141500474834
0 0.30354351224596143 0.4178537511870845 0.03804064616988015 0.0721747388414055
0 0.4661281917665451 0.08974358974358974 0.042209484106305366 0.08072174738841406
3 0.947107868681605 0.9140550807217473 0.0859822824387702 0.16809116809116809
0 0.3348097967691506 0.7421652421652422 0.04325169359041167 0.07692307692307693
0 0.6336633663366337 0.2744539411206078 0.039603960396039604 0.07407407407407407
3 0.34940072954663887 0.9415954415954416 0.07034914017717561 0.11490978157644824
2 0.36060448150078167 0.35327635327635326 0.2501302761855133 0.003798670465337132 0.2303282959874935 0.003798670465337132 0.3470557582073997 0.3684710351377018