4 0.49609171443460137 0.5849146110056926 0.7628973423658155 0.6916508538899431
3 0.1112558624283481 0.22106261859582543 0.07868681605002606 0.13282732447817835
3 0.890568004168838 0.9397533206831119 0.06565919749869724 0.11859582542694497
3 0.892391870766024 0.22106261859582543 0.06618030224075039 0.12333965844402277
3 0.4992183428869203 0.20635673624288425 0.06461698801459093 0.1015180265654649
3 0.10760812923397603 0.9416508538899431 0.07243355914538822 0.11480075901328274
3 0.4989577905158937 0.9573055028462998 0.06513809275664409 0.08349146110056926
1 0.9622199062011464 0.594876660341556 0.045336112558624284 0.5597722960151803
0 0.39030745179781134 0.8519924098671727 0.02501302761855133 0.04743833017077799
6 0.13470557582073997 0.7082542694497154 0.03282959874934862 0.054079696394686905
0 0.3738926524231371 0.801707779886148 0.0286607608129234 0.04933586337760911
5 0.955706096925482 0.06925996204933586 0.08754559666492966 0.13851992409867173
0 0.8074517978113601 0.6518026565464896 0.0286607608129234 0.06261859582542695
0 0.8189161021365294 0.7063567362428842 0.0286607608129234 0.05028462998102467
0 0.3163105784262637 0.2689753320683112 0.031266284523189164 0.05218216318785579
2 0.14367587285044295 0.7169962049335864 0.3029854090672225 0.2832741935483871 0.3677509119332986 0.2846299810246679 0.36923970818134444 0.25481119544592035 0.3096852527357999 0.25345635673624284 0.30224075039082854 0.11791840607210627 0.2836300156331422 0.11791840607210627 0.2806519020323085 0.2602333965844402 0.13027618551328818 0.6844677419354839