4 0.49635226680562794 0.5849146110056926 0.7550807712350183 0.6954459203036053
3 0.10995310057321521 0.22106261859582543 0.08025013027618551 0.13092979127134724
3 0.892391870766024 0.22106261859582543 0.0672225117248567 0.12333965844402277
3 0.4989577905158937 0.9582542694497154 0.06618030224075039 0.08159392789373814
3 0.10943199583116206 0.9421252371916509 0.06982803543512246 0.11385199240986717
3 0.5002605523710266 0.2054079696394687 0.061490359562272015 0.1015180265654649
0 0.2212089630015633 0.33206831119544594 0.03178738926524231 0.05502846299810247
0 0.5805106826472121 0.9032258064516129 0.031266284523189164 0.051233396584440226
0 0.453882230328296 0.9032258064516129 0.03751954142782699 0.05502846299810247
0 0.4890568004168838 0.6261859582542695 0.03282959874934862 0.058823529411764705
1 0.9611776967170401 0.5891840607210627 0.047420531526836895 0.5483870967741935
0 0.5500260552371027 0.8785578747628083 0.030745179781136008 0.05313092979127135
6 0.5849400729546639 0.6152751423149905 0.03282959874934862 0.0635673624288425
5 0.9562272016675352 0.06925996204933586 0.08650338718082334 0.13851992409867173
3 0.890568004168838 0.9421252371916509 0.06565919749869724 0.11385199240986717
0 0.6393955184992184 0.9060721062618596 0.03335070349140177 0.05313092979127135
2 0.15685252735799896 0.40417457305502846 0.15685252735799896 0.4117647058823529 0.16206357477853048 0.4127134724857685 0.20896300156331424 0.38804554079696396 0.2146951537258989 0.38804554079696396 0.22772277227722773 0.39943074003795065 0.24387701928087546 0.3899430740037951 0.5617509119332986 0.6072106261859582 0.5690463783220427 0.6129032258064516 0.5721730067743617 0.6242884250474383 0.5794684731631058 0.635673624288425 0.5867639395518499 0.6347248576850095 0.5930171964564878 0.6261859582542695 0.594059405940594 0.6072106261859582 0.5878061490359562 0.594876660341556 0.5758207399687337 0.594876660341556 0.5732152162584679 0.5996204933586338 0.566440854611777 0.5977229601518027 0.24960917144346015 0.38140417457305503 0.23606044815007818 0.33586337760910817 0.23397602918186555 0.3178368121442125 0.22146951537258988 0.3026565464895636 0.21313183949973943 0.25426944971537 0.20896300156331424 0.2495256166982922 0.2068785825951016 0.25806451612903225 0.2126107347576863 0.29791271347248577 0.21156852527358 0.3092979127134725 0.20739968733715478 0.3187855787476281 0.20635747785304848 0.33586337760910817 0.21417404898384576 0.3633776091081594 0.2126107347576863 0.3719165085388994 0.2006253256904638 0.38235294117647056