4 0.48071912454403337 0.610056925996205 0.7884314747264201 0.7286527514231499
6 0.5216258467952058 0.5061669829222012 0.03335070349140177 0.05787476280834915
3 0.8877019280875456 0.23007590132827324 0.0672225117248567 0.12618595825426945
3 0.4799374674309536 0.21347248576850095 0.06774361646690985 0.11385199240986717
3 0.07529963522668057 0.23197343453510436 0.08077123501823867 0.1413662239089184
0 0.7256383533090152 0.5137571157495257 0.03282959874934862 0.06546489563567362
3 0.07399687337154769 0.9582542694497154 0.07503908285565399 0.08159392789373814
3 0.47889525794684734 0.9743833017077799 0.06565919749869724 0.04933586337760911
0 0.4890568004168838 0.3610056925996205 0.033871808233454925 0.05787476280834915
0 0.416362688900469 0.34582542694497154 0.031266284523189164 0.061669829222011384
3 0.8858780614903595 0.9582542694497154 0.07087024491922876 0.08159392789373814
0 0.5935383011985409 0.5721062618595826 0.02709744658676394 0.051233396584440226
0 0.3598228243877019 0.9440227703984819 0.03908285565398645 0.05313092979127135
0 0.5484627410109432 0.638045540796964 0.03282959874934862 0.05787476280834915
5 0.9531005732152162 0.07352941176470588 0.09275664408546118 0.14705882352941177
0 0.10347576862949452 0.3334250474383302 0.03573215216258468 0.06505692599620493