4 0.49947889525794686 0.5915559772296015 0.7582073996873372 0.6973434535104365
3 0.890568004168838 0.9407020872865275 0.06982803543512246 0.11669829222011385
3 0.8916102136529442 0.22248576850094876 0.06670140698280354 0.12808349146110057
3 0.10838978634705576 0.9449715370018975 0.06670140698280354 0.10815939278937381
3 0.11255862428348098 0.222011385199241 0.0760812923397603 0.13851992409867173
3 0.49817613340281397 0.956831119544592 0.06774361646690985 0.08444022770398482
3 0.501823866597186 0.2030360531309298 0.05627931214174049 0.10056925996204934
6 0.7076602397081814 0.38804554079696396 0.03335070349140177 0.056925996204933584
0 0.8220427305888484 0.5839658444022771 0.0297029702970297 0.06546489563567362
0 0.4958311620635748 0.5815939278937381 0.03178738926524231 0.05502846299810247
0 0.5789473684210527 0.9032258064516129 0.03335070349140177 0.05502846299810247
0 0.4194893173527879 0.7215370018975332 0.03230849400729546 0.05977229601518026
0 0.640177175612298 0.905123339658444 0.03282959874934862 0.051233396584440226
0 0.22199062011464304 0.3349146110056926 0.031266284523189164 0.056925996204933584
5 0.955706096925482 0.07352941176470588 0.08754559666492966 0.14705882352941177