4 0.4989577905158937 0.5882352941176471 0.7561229807191245 0.698292220113852
3 0.890568004168838 0.9416508538899431 0.06774361646690985 0.11480075901328274
3 0.10838978634705576 0.2215370018975332 0.07087024491922876 0.12428842504743833
3 0.10812923397602918 0.9440227703984819 0.06618030224075039 0.11005692599620494
3 0.5007816571130798 0.20161290322580644 0.05211047420531527 0.09962049335863378
0 0.735539343408025 0.5441176470588235 0.027618551328817093 0.04459203036053131
3 0.4989577905158937 0.9558823529411765 0.06618030224075039 0.08633776091081594
6 0.3069306930693069 0.5872865275142315 0.03335070349140177 0.05502846299810247
1 0.9616988014590933 0.5915559772296015 0.04325169359041167 0.5569259962049335
0 0.6928087545596665 0.5906072106261859 0.026576341844710787 0.05028462998102467
0 0.7324127149557061 0.6290322580645161 0.024491922876498175 0.04743833017077799
0 0.7321521625846795 0.5863377609108159 0.023970818134445022 0.04364326375711575
3 0.8994267847837415 0.22058823529411764 0.05419489317352788 0.1318785578747628
5 0.958832725377801 0.06878557874762808 0.08025013027618551 0.13757115749525617
0 0.7725377800937988 0.5853889943074004 0.026576341844710787 0.04743833017077799
2 0.3126628452318916 0.5990787476280834 0.68264721208963 0.5665493358633776 0.7079577905158937 0.6722685009487667 0.7221021365294424 0.6587153700189753 0.6967915581031787 0.5651935483870968 0.7660239708181344 0.4974250474383301 0.758579468473163 0.4757390891840607 0.681902553413236 0.5380863377609109 0.30894059405940594 0.5692599620493358