4 0.49765502866076083 0.5859449192782527 0.7587285044293903 0.6970560303893637
3 0.8900468994267848 0.9425451092117759 0.08025013027618551 0.11301044634377967
3 0.10838978634705576 0.22032288698955366 0.08129233976029182 0.14245014245014245
3 0.49973944762897343 0.2070275403608737 0.07503908285565399 0.10826210826210826
5 0.9614382490880667 0.06647673314339982 0.07399687337154769 0.13105413105413105
0 0.4590932777488275 0.4710351377018044 0.03335070349140177 0.05698005698005698
0 0.3043251693590412 0.26258309591642925 0.034392912975508075 0.06552706552706553
3 0.10865033871808233 0.9515669515669516 0.05263157894736842 0.09306742640075974
6 0.30145909327774884 0.5232668566001899 0.0286607608129234 0.05887939221272555
0 0.3952579468473163 0.7060778727445394 0.03491401771756123 0.05413105413105413
0 0.5974465867639396 0.7706552706552706 0.0286607608129234 0.050332383665717
0 0.43668577384054197 0.301994301994302 0.03647733194372069 0.06457739791073125
0 0.23423658155289212 0.3395061728395062 0.03491401771756123 0.06742640075973409
3 0.49947889525794686 0.9558404558404558 0.06305367378843148 0.08641975308641975
3 0.8900468994267848 0.2184235517568851 0.061490359562272015 0.1291547958214625
0 0.7384054194893174 0.8214624881291548 0.028139656070870246 0.05128205128205128
0 0.3999478895257947 0.5303893637226971 0.03282959874934862 0.057929724596391265
0 0.7269411151641479 0.7706552706552706 0.03647733194372069 0.04653371320037987
0 0.3543512245961438 0.8822412155745489 0.02918186555497655 0.055080721747388414
0 0.8926524231370505 0.24406457739791074 0.030224075039082855 0.05128205128205128