6 0.31154768108389785 0.584045584045584 0.029030745179781138 0.04748338081671415
4 0.5006305367378844 0.585403608736942 0.758577384054195 0.6905413105413105
2 0.6685044293903074 0.5874358974358975 0.02381969775924961 0.051557454890788224
3 0.10757165190203231 0.21300094966761632 0.05136529442417925 0.10038936372269705
3 0.5 0.200664767331434 0.041136008337675875 0.07402659069325736
3 0.8906253256904637 0.21756885090218422 0.05050547159979156 0.09499525166191833
3 0.10779051589369464 0.9539221272554607 0.05270453361125586 0.09120607787274454
3 0.4998905680041688 0.9666286799620133 0.04540906722251172 0.06647673314339982
3 0.8869932256383534 0.9456695156695156 0.06476810838978635 0.10866096866096867
0 0.6910057321521625 0.5851187084520418 0.0201980198019802 0.04809116809116809
0 0.7100625325690463 0.5640360873694207 0.021829077644606565 0.03562203228869895
0 0.7291245440333507 0.5462298195631529 0.02280354351224596 0.045118708452041786
0 0.7100625325690463 0.6091642924976258 0.02443460135487233 0.037996201329534664
0 0.7297759249609171 0.5871984805318139 0.019546638874413755 0.039183285849952516
0 0.7698488796248045 0.5022886989553655 0.0234549244398124 0.042744539411206074
0 0.7701719645648776 0.6290503323836657 0.02280354351224596 0.04096866096866097
0 0.7494841063053673 0.6501329534662869 0.02248045857217301 0.04155745489078822
0 0.7499739447628974 0.5251471984805318 0.02150078165711308 0.04452991452991453
0 0.7700104220948412 0.5453371320037986 0.021177696717040125 0.04215574548907882
0 0.7494841063053673 0.5655270655270656 0.02248045857217301 0.03740740740740741
0 0.770333507034914 0.5886799620132953 0.021829077644606565 0.04215574548907882
0 0.7501354872329338 0.6088698955365622 0.021177696717040125 0.04096866096866097
0 0.7304273058884836 0.6302374169040835 0.02084940072954664 0.045716999050332385
0 0.7696821261073475 0.6715099715099715 0.02313183949973945 0.04393162393162393
2 0.7238196977592496 0.5879107312440647 0.07173006774361647 0.011595441595441597
1 0.9599478895257947 0.5874358974358975 0.03945284002084418 0.5508072174738842
5 0.9603230849400729 0.06376068376068376 0.059557060969254824 0.11396011396011396
2 0.32680719124544033 0.5779401709401709 0.671480458572173 0.5806543209876543 0.671480458572173 0.6376343779677113 0.6588254299114122 0.6335641025641026 0.6588254299114122 0.5969335232668567 0.32680719124544033 0.5969335232668567