4 0.48843464228079614 0.5848765432098766 0.6691769768692846 0.6512345679012346
3 0.14631522323830015 0.23765432098765432 0.06024744486282948 0.12139917695473251
3 0.8378160301237224 0.23868312757201646 0.055406132329209254 0.12139917695473251
3 0.4924690693921463 0.23045267489711935 0.05433028509951587 0.102880658436214
3 0.8378160301237224 0.9243827160493827 0.06401291016675632 0.12242798353909465
0 0.7264658418504573 0.34516460905349794 0.03173749327595481 0.050411522633744855
5 0.9647660032275417 0.10082304526748971 0.06831629908552986 0.13580246913580246
3 0.14658418504572351 0.9259259259259259 0.06293706293706294 0.11728395061728394
0 0.2772996234534696 0.7458847736625515 0.0328133405056482 0.06378600823045268
3 0.493006993006993 0.9351851851851852 0.05110274341043572 0.10699588477366255
0 0.534965034965035 0.4747942386831276 0.025282409897794515 0.04835390946502058
0 0.33942980096826253 0.6090534979423868 0.0322754168908015 0.05555555555555555
0 0.592522861753631 0.7340534979423868 0.027434104357181282 0.05864197530864197
0 0.3410435718128026 0.6702674897119342 0.03335126412049489 0.0668724279835391
0 0.607315761161915 0.45010288065843623 0.027972027972027972 0.050411522633744855
0 0.5091447014523938 0.4058641975308642 0.03173749327595481 0.04835390946502058
6 0.7469069392146315 0.6352880658436214 0.028509951586874662 0.05246913580246913
0 0.1987627756858526 0.7782921810699589 0.029585798816568046 0.060699588477366256
0 0.16729424421732114 0.3837448559670782 0.03550295857988166 0.051440329218107
0 0.17650887573964497 0.7825411522633745 0.03294782140935987 0.07330246913580248