4 0.4989577905158937 0.5868121442125237 0.7634184471078687 0.7011385199240987
3 0.10812923397602918 0.948292220113852 0.060969254820218866 0.1015180265654649
3 0.5010422094841063 0.2049335863377609 0.06409588327253778 0.10436432637571158
3 0.8926524231370505 0.2215370018975332 0.06565919749869724 0.12618595825426945
3 0.11099531005732152 0.22248576850094876 0.0771235018238666 0.13757115749525617
3 0.8908285565398645 0.9421252371916509 0.06513809275664409 0.11385199240986717
0 0.3733715476810839 0.3277988614800759 0.033871808233454925 0.054079696394686905
3 0.4989577905158937 0.952561669829222 0.05784262636789995 0.09297912713472485
6 0.4815007816571131 0.4767552182163188 0.034392912975508075 0.06546489563567362
0 0.49035956227201666 0.6499051233396584 0.03751954142782699 0.06072106261859583
0 0.7477853048462741 0.844876660341556 0.031266284523189164 0.05028462998102467
1 0.9611776967170401 0.5858633776091081 0.04637832204273059 0.5531309297912713
0 0.3384575299635227 0.6987666034155597 0.03491401771756123 0.05977229601518026
5 0.9554455445544554 0.07020872865275142 0.0880667014069828 0.13851992409867173
0 0.6503387180823346 0.6489563567362429 0.028139656070870246 0.04933586337760911
2 0.4726420010422095 0.4658444022770398 0.4705575820739969 0.4819734345351044 0.477853048462741 0.4981024667931689 0.49035956227201666 0.49620493358633777 0.5002605523710266 0.5028462998102466 0.6138613861386139 0.6166982922201139 0.6185513288170922 0.6413662239089184 0.6237623762376238 0.6499051233396584 0.6357477853048463 0.6574952561669829 0.6425221469515373 0.6726755218216319 0.655549765502866 0.6755218216318786 0.6628452318916103 0.6717267552182163 0.7196456487754038 0.7371916508538899 0.7243355914538823 0.7409867172675522 0.7285044293903075 0.7362428842504743 0.7243355914538823 0.7267552182163188 0.6685773840541949 0.6622390891840607 0.662324127149557 0.6318785578747628 0.6461698801459094 0.6176470588235294 0.6435643564356436 0.6053130929791272 0.655549765502866 0.5683111954459203 0.6545075560187598 0.562618595825427 0.6492965085982283 0.5635673624288425 0.6367899947889526 0.5977229601518027 0.6195935383011986 0.6072106261859582 0.4966128191766545 0.484819734345351 0.4898384575299635 0.46110056925996207 0.47837415320479415 0.4573055028462998