4 0.5 0.5891840607210627 0.7561229807191245 0.7020872865275142
3 0.5002605523710266 0.2030360531309298 0.05106826472120896 0.09867172675521822
3 0.8926524231370505 0.22248576850094876 0.06461698801459093 0.12428842504743833
3 0.10865033871808233 0.2215370018975332 0.07139134966128191 0.12618595825426945
0 0.6946326211568525 0.607685009487666 0.02501302761855133 0.04838709677419355
6 0.30745179781136006 0.5872865275142315 0.03335070349140177 0.056925996204933584
3 0.49765502866076083 0.9539848197343453 0.06565919749869724 0.08823529411764706
3 0.10812923397602918 0.9463946869070209 0.06618030224075039 0.10531309297912714
0 0.7548202188639916 0.5858633776091081 0.024491922876498175 0.04459203036053131
3 0.8910891089108911 0.9421252371916509 0.06670140698280354 0.11195445920303605
0 0.7136529442417926 0.5417457305502846 0.026576341844710787 0.04933586337760911
1 0.9616988014590933 0.5915559772296015 0.045336112558624284 0.5550284629981025
0 0.7342365815528922 0.6091081593927894 0.023970818134445022 0.04364326375711575
5 0.955706096925482 0.06925996204933586 0.08754559666492966 0.13851992409867173
0 0.6747889525794685 0.5869259962049336 0.028749348619072433 0.05075901328273245
0 0.6946847316310578 0.5657779886148008 0.02730067743616467 0.05075901328273245
0 0.7337467430953621 0.5631309297912713 0.026430432516935904 0.04230550284629982
0 0.7148671182907764 0.5874573055028462 0.027592496091714436 0.03912713472485769
0 0.7155966649296509 0.6313472485768501 0.028462741010943197 0.04864326375711575
2 0.31117404898384576 0.5963671726755219 0.6431922876498176 0.6234753320683112 0.649147472642001 0.6451612903225806 0.6655252735799896 0.6410948766603416 0.7072136529442418 0.7169962049335864 0.7131688379364252 0.7088643263757116 0.6744585721730068 0.6275417457305502 0.6766915059927044 0.5990787476280834 0.7191245440333507 0.5258880455407969 0.7101912454403335 0.5136897533206831 0.6707363210005212 0.5814582542694496 0.6506362688900469 0.5828140417457305 0.6409588327253778 0.6017893738140417 0.3096852527357999 0.5692599620493358