4 0.492200107584723 0.581275720164609 0.6724045185583647 0.6440329218106996
3 0.14658418504572351 0.23765432098765432 0.05970952124798279 0.11522633744855967
3 0.493006993006993 0.9315843621399177 0.056481979558902634 0.10185185185185185
3 0.8378160301237224 0.2381687242798354 0.055406132329209254 0.11213991769547325
5 0.9647660032275417 0.10030864197530864 0.06724045185583648 0.1286008230452675
3 0.14631522323830015 0.9223251028806584 0.06670252824098978 0.12242798353909465
3 0.49273803119956966 0.23199588477366256 0.052716514254975796 0.09773662551440329
0 0.3464228079612695 0.8569958847736625 0.03335126412049489 0.05761316872427984
0 0.22592791823561054 0.86059670781893 0.03335126412049489 0.04835390946502058
3 0.8375470683162991 0.9243827160493827 0.057019903173749324 0.12037037037037036
6 0.1968800430338892 0.7916666666666666 0.02689618074233459 0.04218106995884774
0 0.33916083916083917 0.6085390946502057 0.029585798816568046 0.050411522633744855
0 0.34158149542764926 0.6712962962962963 0.02689618074233459 0.046296296296296294
0 0.6573426573426573 0.37911522633744854 0.025820333512641205 0.05452674897119342
0 0.2738031199569661 0.7366255144032922 0.025820333512641205 0.047325102880658436
0 0.16783216783216784 0.3837448559670782 0.03550295857988166 0.051440329218107