4 0.49765502866076083 0.5882352941176471 0.7608129233976029 0.7001897533206831
3 0.10943199583116206 0.9397533206831119 0.07087024491922876 0.11859582542694497
3 0.890568004168838 0.9421252371916509 0.06774361646690985 0.11385199240986717
3 0.10865033871808233 0.2215370018975332 0.07139134966128191 0.12618595825426945
3 0.5010422094841063 0.20256166982922202 0.053673788431474724 0.09962049335863378
3 0.8916102136529442 0.22343453510436434 0.06565919749869724 0.12618595825426945
0 0.5323084940072955 0.5327324478178368 0.03178738926524231 0.05977229601518026
3 0.49973944762897343 0.9549335863377609 0.06044815007816571 0.08823529411764706
0 0.5607087024491922 0.7258064516129032 0.02918186555497655 0.06072106261859583
0 0.37154768108389785 0.7775142314990512 0.03230849400729546 0.0635673624288425
0 0.24648254299114122 0.8434535104364327 0.03647733194372069 0.05313092979127135
6 0.7939030745179781 0.41603415559772294 0.0297029702970297 0.05977229601518026
5 0.9572694111516414 0.07020872865275142 0.08441896821261073 0.14041745730550284
0 0.7694111516414799 0.5180265654648957 0.026576341844710787 0.05313092979127135
0 0.36503387180823343 0.905123339658444 0.03282959874934862 0.05313092979127135
0 0.5348775403856175 0.47777039848197345 0.03945284002084418 0.06370018975332069