3 0.10865033871808233 0.2174738841405508 0.06201146430432517 0.13105413105413105
4 0.49947889525794686 0.5868945868945868 0.7550807712350183 0.6932573599240266
3 0.8903074517978113 0.9425451092117759 0.07868681605002606 0.11301044634377967
6 0.2256383533090151 0.30151946818613484 0.03230849400729546 0.0560303893637227
3 0.10812923397602918 0.9510921177587844 0.05158936946326212 0.09211775878442545
5 0.9614382490880667 0.06552706552706553 0.07399687337154769 0.1291547958214625
0 0.8572173006774362 0.8461538461538461 0.0385617509119333 0.05887939221272555
3 0.49973944762897343 0.9658119658119658 0.04585721730067743 0.06647673314339982
3 0.8918707660239709 0.2174738841405508 0.05263157894736842 0.09876543209876543
3 0.49947889525794686 0.2022792022792023 0.04325169359041167 0.08167141500474834
0 0.11650338718082334 0.24691358024691357 0.030521104742053152 0.05698005698005698