4 0.5007816571130798 0.5872865275142315 0.7618551328817093 0.6963946869070209
3 0.10865033871808233 0.22248576850094876 0.07139134966128191 0.12428842504743833
3 0.8918707660239709 0.22485768500948766 0.06618030224075039 0.1252371916508539
3 0.10943199583116206 0.9421252371916509 0.07087024491922876 0.11385199240986717
3 0.8908285565398645 0.9421252371916509 0.0672225117248567 0.11385199240986717
3 0.4992183428869203 0.9430740037950665 0.06565919749869724 0.11195445920303605
0 0.784783741532048 0.27561669829222013 0.02918186555497655 0.05028462998102467
3 0.5010422094841063 0.20825426944971537 0.05471599791558103 0.10721062618595825
6 0.4934861907243356 0.8481973434535104 0.03230849400729546 0.04933586337760911
0 0.7470036477331944 0.4435483870967742 0.030745179781136008 0.054079696394686905
5 0.953882230328296 0.07352941176470588 0.09015112037519542 0.14705882352941177
0 0.49426784783741534 0.9165085388994307 0.045336112558624284 0.06072106261859583
0 0.5017509119332986 0.24464895635673625 0.0401980198019802 0.06370018975332069
1 0.9797863470557582 0.582134724857685 0.04042209484106305 0.576034155597723