4 0.5031266284523189 0.5887939221272555 0.7550807712350183 0.6951566951566952
3 0.8913496612819176 0.22032288698955366 0.06618030224075039 0.12725546058879392
3 0.10734757686294945 0.2174738841405508 0.07087024491922876 0.1291547958214625
3 0.10995310057321521 0.936372269705603 0.08233454924439812 0.12535612535612536
3 0.8892652423137051 0.9392212725546059 0.07243355914538822 0.11965811965811966
3 0.4945284002084419 0.9411206077872745 0.06461698801459093 0.11585944919278253
5 0.9611776967170401 0.06837606837606838 0.07660239708181345 0.13675213675213677
6 0.6063053673788431 0.5080721747388414 0.030745179781136008 0.05887939221272555
0 0.3785825951016154 0.4202279202279202 0.03595622720166754 0.057929724596391265
0 0.29025534132360603 0.28347578347578345 0.028139656070870246 0.04843304843304843
3 0.5036477331943721 0.20845204178537513 0.05680041688379364 0.11870845204178537
0 0.7339760291818656 0.47198480531813863 0.03178738926524231 0.06267806267806268
0 0.6268890046899427 0.7089268755935423 0.028139656070870246 0.0560303893637227
0 0.6360083376758728 0.42972459639126304 0.0297029702970297 0.052231718898385564
0 0.3676393955184992 0.5930674264007597 0.042209484106305366 0.06362773029439696
0 0.3800364773319437 0.47347578347578345 0.0409431995831162 0.059696106362773026