4 0.5013027618551329 0.5891840607210627 0.7608129233976029 0.698292220113852
3 0.890568004168838 0.9397533206831119 0.06670140698280354 0.11859582542694497
3 0.10760812923397603 0.22058823529411764 0.06305367378843148 0.11480075901328274
3 0.10917144346013549 0.9421252371916509 0.06930693069306931 0.11385199240986717
3 0.8921313183949974 0.22343453510436434 0.06461698801459093 0.1204933586337761
0 0.735539343408025 0.6086337760910816 0.02344971339239187 0.04269449715370019
3 0.4986972381448671 0.956831119544592 0.06982803543512246 0.08444022770398482
3 0.5010422094841063 0.2030360531309298 0.05784262636789995 0.10246679316888045
0 0.6935904116727463 0.4150853889943074 0.02918186555497655 0.0635673624288425
0 0.5109431995831162 0.4293168880455408 0.026576341844710787 0.05218216318785579
0 0.4671704012506514 0.372865275142315 0.027618551328817093 0.06072106261859583
6 0.42886920270974466 0.6110056925996205 0.03230849400729546 0.05502846299810247
0 0.8027618551328817 0.6907020872865275 0.0297029702970297 0.05502846299810247
0 0.35278791036998436 0.286527514231499 0.031266284523189164 0.051233396584440226
0 0.592235539343408 0.8567362428842504 0.0297029702970297 0.051233396584440226
0 0.8288170922355393 0.5901328273244781 0.02553413236060448 0.05502846299810247
5 0.953882230328296 0.07020872865275142 0.09015112037519542 0.14041745730550284
0 0.7518811881188119 0.5740037950664136 0.032756644085461174 0.060996204933586345