4 0.5002605523710266 0.585403608736942 0.7593225638353309 0.6932573599240266
3 0.10943199583116206 0.22249762583095917 0.08040125065138093 0.1438081671415005
3 0.5028660760812923 0.2068945868945869 0.07519020323084939 0.10717948717948718
3 0.8914590932777489 0.22045584045584043 0.06774361646690985 0.1315954415954416
3 0.8907191245440333 0.943627730294397 0.08858780614903596 0.11273504273504273
3 0.5006305367378844 0.9565147198480533 0.06625325690463783 0.08696106362773029
3 0.10831683168316833 0.9429534662867995 0.0781657113079729 0.11409306742640075
6 0.4507556018759771 0.8736942070275404 0.03945284002084418 0.06511870845204178
0 0.39827514330380404 0.7203893637226971 0.0372225117248567 0.06240265906932573
0 0.26092235539343406 0.4666951566951567 0.04689942678478374 0.06511870845204178
0 0.24901511203751955 0.3188129154795821 0.03350182386659719 0.07597340930674264
0 0.4488952579468473 0.3120322886989554 0.032756644085461174 0.07597340930674264
0 0.48574257425742573 0.2550522317188984 0.03945284002084418 0.07868945868945869
0 0.605971860343929 0.2950712250712251 0.03871287128712872 0.06919278252611585
0 0.618254299114122 0.5155365622032289 0.03350182386659719 0.0705508072174739
0 0.5572120896300156 0.7149667616334283 0.029030745179781138 0.05426400759734093
0 0.7213600833767587 0.6416999050332384 0.02829077644606566 0.06783475783475784
0 0.8125534132360605 0.6016809116809118 0.03350182386659719 0.06647673314339982
0 0.6245805106826472 0.5792972459639126 0.0372225117248567 0.059696106362773026
0 0.16265763418447107 0.4789078822412156 0.029030745179781138 0.059696106362773026
0 0.151490359562272 0.40971509971509973 0.03945284002084418 0.06783475783475784
0 0.13809275664408546 0.4592307692307692 0.03201146430432517 0.06376068376068376
0 0.16638353309015114 0.8791168091168091 0.03498697238144867 0.06511870845204178
5 0.9619228764981762 0.06783475783475784 0.07615424700364773 0.13566951566951568