4 0.4940828402366864 0.581275720164609 0.671866594943518 0.6440329218106996
3 0.14631522323830015 0.2366255144032922 0.05917159763313609 0.11934156378600823
3 0.4911242603550296 0.22993827160493827 0.05917159763313609 0.10185185185185185
6 0.599515868746638 0.45524691358024694 0.03173749327595481 0.05246913580246913
3 0.14658418504572351 0.9279835390946503 0.061861215707369556 0.1111111111111111
5 0.9655728886498117 0.09979423868312758 0.0656266810112964 0.12757201646090535
3 0.8378160301237224 0.9248971193415638 0.0650887573964497 0.12345679012345678
3 0.493006993006993 0.9362139917695473 0.05325443786982249 0.10493827160493827
1 0.02151694459386767 0.581275720164609 0.04303388918773534 0.5102880658436214
0 0.2770306616460463 0.7458847736625515 0.0322754168908015 0.06378600823045268
0 0.7264658418504573 0.3441358024691358 0.028509951586874662 0.044238683127572016
0 0.34158149542764926 0.6702674897119342 0.0322754168908015 0.06481481481481481
0 0.5927918235610543 0.73559670781893 0.02689618074233459 0.05555555555555555
0 0.6839698762775686 0.4130658436213992 0.028509951586874662 0.040123456790123455
0 0.34023668639053256 0.61059670781893 0.03066164604626143 0.05246913580246913
0 0.5126412049488973 0.4038065843621399 0.02689618074233459 0.046296296296296294
0 0.17724583109198494 0.779835390946502 0.03066164604626143 0.059670781893004114
0 0.16729424421732114 0.38425925925925924 0.03335126412049489 0.05246913580246913
2 0.43302850995158687 0.38786008230452673 0.43302850995158687 0.3940329218106996 0.43625605164066705 0.39711934156378603 0.5890263582571275 0.4588477366255144 0.591715976331361 0.47016460905349794 0.5970952124798279 0.47530864197530864 0.6057019903173749 0.4711934156378601 0.6094674556213018 0.4588477366255144 0.6083916083916084 0.4454732510288066 0.6030123722431415 0.43724279835390945 0.584722969338354 0.44135802469135804 0.5454545454545454 0.4125514403292181 0.5433028509951587 0.3991769547325103 0.5379236148466918 0.38786008230452673 0.5368477676169984 0.3220164609053498 0.5325443786982249 0.32613168724279834 0.5309306078536847 0.3683127572016461 0.5277030661646046 0.3868312757201646 0.521785906401291 0.39094650205761317 0.5094136632598171 0.38477366255144035 0.49865519096288324 0.3991769547325103 0.4954276492738031 0.3991769547325103
0 0.19903173749327596 0.779320987654321 0.030930607853684778 0.06172839506172839