4 0.4986972381448671 0.5849146110056926 0.7587285044293903 0.6954459203036053
3 0.8903074517978113 0.9416508538899431 0.06930693069306931 0.11480075901328274
3 0.8918707660239709 0.21916508538899432 0.06618030224075039 0.12144212523719165
3 0.10838978634705576 0.9454459203036053 0.06565919749869724 0.10721062618595825
6 0.7212089630015633 0.43785578747628084 0.03230849400729546 0.061669829222011384
3 0.5010422094841063 0.19971537001897532 0.053673788431474724 0.09582542694497154
3 0.11177696717040125 0.22248576850094876 0.07451797811360084 0.13567362428842505
3 0.49817613340281397 0.9558823529411765 0.06982803543512246 0.08633776091081594
0 0.5849400729546639 0.4473434535104364 0.03282959874934862 0.055977229601518026
0 0.824127149557061 0.5332068311195446 0.033871808233454925 0.056925996204933584
0 0.5784262636789995 0.9032258064516129 0.034392912975508075 0.05502846299810247
0 0.42470036477331946 0.6726755218216319 0.0385617509119333 0.06072106261859583
1 0.9614382490880667 0.5849146110056926 0.04689942678478374 0.5569259962049335
0 0.6406982803543513 0.905123339658444 0.03178738926524231 0.051233396584440226
0 0.22094841063053675 0.33396584440227706 0.031266284523189164 0.056925996204933584
5 0.955706096925482 0.07210626185958255 0.08754559666492966 0.1442125237191651
0 0.4859301719645649 0.568785578747628 0.0286607608129234 0.05218216318785579
2 0.40698280354351224 0.5597722960151803 0.4064616988014591 0.5673624288425048 0.40958832725377803 0.5702087286527514 0.4611776967170401 0.573055028462998 0.47212089630015636 0.5768500948766604 0.4747264200104221 0.5872865275142315 0.4835852006253257 0.5958254269449715 0.49088066701406985 0.594876660341556 0.49765502866076083 0.5891840607210627 0.5013027618551329 0.5939278937381404 0.5044293903074518 0.6072106261859582 0.5033871808233454 0.6698292220113852 0.5070349140177176 0.6736242884250474 0.5106826472120897 0.6669829222011385 0.5117248566961959 0.6043643263757116 0.5226680562793121 0.5844402277039848 0.5242313705054716 0.5721062618595826 0.52892131318395 0.5654648956356736 0.7055758207399687 0.45445920303605314 0.7248566961959354 0.45825426944971537 0.7285044293903075 0.45351043643263755 0.7321521625846795 0.43927893738140417 0.7258989056800417 0.4222011385199241 0.7159979155810318 0.42030360531309297 0.7113079729025534 0.4250474383301708 0.7055758207399687 0.44212523719165087 0.525794684731631 0.5531309297912713 0.5122459614382491 0.5445920303605313 0.49609171443460137 0.5493358633776091 0.4898384575299635 0.5436432637571158 0.4815007816571131 0.5436432637571158 0.4726420010422095 0.5569259962049335 0.46599791558103176 0.5616698292220114