4 0.5041688379364252 0.5882352941176471 0.7696717040125065 0.7020872865275142
3 0.4989577905158937 0.9539848197343453 0.07034914017717561 0.09013282732447818
3 0.10943199583116206 0.9430740037950665 0.06982803543512246 0.11195445920303605
3 0.8918707660239709 0.2243833017077799 0.06513809275664409 0.12998102466793168
3 0.10891089108910891 0.2215370018975332 0.07191245440333507 0.12618595825426945
3 0.8908285565398645 0.9407020872865275 0.0672225117248567 0.11669829222011385
6 0.7350182386659718 0.821157495256167 0.033871808233454925 0.05787476280834915
3 0.5010422094841063 0.2049335863377609 0.058884835852006254 0.10056925996204934
0 0.8025013027618552 0.3382352941176471 0.03230849400729546 0.055977229601518026
0 0.866597186034393 0.2884250474383302 0.02709744658676394 0.051233396584440226
5 0.9533611255862429 0.07020872865275142 0.09119332985930172 0.14041745730550284
1 0.9611776967170401 0.5934535104364327 0.045336112558624284 0.5588235294117647
0 0.41896821261073475 0.2680265654648956 0.02918186555497655 0.04838709677419355
0 0.8246482542991141 0.6086337760910816 0.03282959874934862 0.05787476280834915
0 0.8488796248045857 0.5061669829222012 0.028139656070870246 0.05977229601518026
2 0.7347576862949453 0.825426944971537 0.8218566961959354 0.6641366223908919 0.8791782178217822 0.6939554079696394 0.8829004689942679 0.6722685009487667 0.8278118811881188 0.6424506641366224 0.8546117769671704 0.4811603415559772 0.8345122459614382 0.47438330170777987 0.8136680562793122 0.631607210626186 0.7265690463783221 0.809162239089184