4 0.4992183428869203 0.5882352941176471 0.7608129233976029 0.6963946869070209
3 0.10917144346013549 0.9397533206831119 0.06930693069306931 0.11859582542694497
3 0.8908285565398645 0.2215370018975332 0.07139134966128191 0.12808349146110057
3 0.10812923397602918 0.22011385199240988 0.06930693069306931 0.12333965844402277
0 0.4585721730067744 0.5777988614800759 0.0385617509119333 0.06072106261859583
3 0.890568004168838 0.9421252371916509 0.06774361646690985 0.11385199240986717
3 0.4979155810317874 0.952561669829222 0.0672225117248567 0.09297912713472485
3 0.501823866597186 0.2049335863377609 0.0583637311099531 0.10056925996204934
0 0.7535174570088587 0.5147058823529411 0.031266284523189164 0.05787476280834915
6 0.4447628973423658 0.38282732447817835 0.030745179781136008 0.055977229601518026
0 0.7905158936946326 0.32732447817836813 0.030224075039082855 0.056925996204933584
0 0.4799374674309536 0.47058823529411764 0.031266284523189164 0.058823529411764705
1 0.9611776967170401 0.5849146110056926 0.045336112558624284 0.5550284629981025
5 0.9544033350703491 0.06925996204933586 0.09015112037519542 0.13851992409867173
0 0.1422615945805107 0.7590132827324478 0.03230849400729546 0.05502846299810247
2 0.4361646690984888 0.3766603415559772 0.43564356435643564 0.3870967741935484 0.4392912975508077 0.39943074003795065 0.4450234497133924 0.40417457305502846 0.45492443981240227 0.40037950664136623 0.460656591974987 0.3899430740037951 0.46899426784783743 0.38804554079696396 0.7649817613340282 0.3747628083491461 0.7696717040125065 0.3757115749525617 0.7759249609171444 0.38804554079696396 0.7821782178217822 0.3937381404174573 0.7910369984366857 0.3927893738140417 0.7998957790515894 0.38140417457305503 0.8045857217300677 0.38140417457305503 0.8551328817092235 0.4032258064516129 0.8650338718082334 0.40512333965844405 0.8671182907764461 0.40132827324478176 0.8655549765502866 0.3946869070208729 0.8613861386138614 0.3918406072106262 0.815528921313184 0.3747628083491461 0.8004168837936425 0.36432637571157495 0.7978113600833767 0.34535104364326374 0.8030224075039083 0.340607210626186 0.8040646169880146 0.3216318785578748 0.801980198019802 0.3111954459203036 0.7972902553413236 0.3026565464895636 0.8009379885356956 0.2685009487666034 0.8009379885356956 0.26280834914611007 0.79833246482543 0.25901328273244784 0.7946847316310578 0.2666034155597723 0.7905158936946326 0.29886148007590135 0.7837415320479416 0.3026565464895636 0.7774882751433038 0.31404174573055027 0.7769671704012506 0.3444022770398482 0.7696717040125065 0.3605313092979127 0.764460656591975 0.3633776091081594 0.4627410109431996 0.3766603415559772 0.4590932777488275 0.3747628083491461 0.45440333507034913 0.36527514231499053 0.4465867639395518 0.36242884250474383 0.43981240229286084 0.36527514231499053