4 0.4986972381448671 0.5906072106261859 0.7618551328817093 0.7011385199240987
3 0.11151641479937467 0.9388045540796964 0.07399687337154769 0.1204933586337761
3 0.8903074517978113 0.9388045540796964 0.0672225117248567 0.1204933586337761
3 0.8921313183949974 0.22343453510436434 0.06670140698280354 0.12618595825426945
3 0.4986972381448671 0.956831119544592 0.06774361646690985 0.08444022770398482
3 0.10865033871808233 0.22248576850094876 0.0672225117248567 0.12808349146110057
3 0.5028660760812923 0.2030360531309298 0.0583637311099531 0.10436432637571158
0 0.7154768108389786 0.3927893738140417 0.030224075039082855 0.06072106261859583
0 0.6266284523189161 0.26138519924098674 0.03178738926524231 0.05218216318785579
0 0.5932777488275144 0.7571157495256167 0.03282959874934862 0.06261859582542695
0 0.37727983324648257 0.5351043643263758 0.03647733194372069 0.05502846299810247
0 0.585461177696717 0.8861480075901328 0.033871808233454925 0.05313092979127135
0 0.18968212610734758 0.47248576850094876 0.03230849400729546 0.06451612903225806
0 0.8475768629494529 0.7613851992409867 0.030745179781136008 0.054079696394686905
0 0.18238665971860343 0.8818785578747628 0.03335070349140177 0.055977229601518026
5 0.9546638874413758 0.07210626185958255 0.08963001563314227 0.1442125237191651
6 0.2136529442417926 0.9041745730550285 0.03543512245961438 0.051233396584440226