4 0.4825174825174825 0.5848765432098766 0.6863905325443787 0.6594650205761317
3 0.13044647660032274 0.9351851851851852 0.07046799354491662 0.12757201646090535
3 0.1336740182894029 0.2366255144032922 0.06939214631522324 0.13168724279835392
3 0.4835933297471759 0.9434156378600823 0.05917159763313609 0.10905349794238683
3 0.4841312533620226 0.22839506172839505 0.055944055944055944 0.10699588477366255
3 0.835933297471759 0.23559670781893005 0.05917159763313609 0.12551440329218108
0 0.24690693921463153 0.3662551440329218 0.03442711135018827 0.047325102880658436
3 0.8378160301237224 0.9351851851851852 0.061861215707369556 0.12345679012345678
0 0.7525551371705218 0.27983539094650206 0.031199569661108123 0.047325102880658436
0 0.6280258203335126 0.7916666666666666 0.03066164604626143 0.056584362139917695
0 0.7108660570199031 0.5252057613168725 0.025282409897794515 0.044238683127572016
0 0.764389456697149 0.6862139917695473 0.03012372243141474 0.05555555555555555
0 0.8095750403442711 0.4963991769547325 0.03012372243141474 0.05246913580246913
0 0.6694459386767079 0.6255144032921811 0.02420656266810113 0.04526748971193416
5 0.965034965034965 0.0941358024691358 0.0656266810112964 0.12448559670781893
0 0.7259279182356105 0.3230452674897119 0.0328133405056482 0.04938271604938271
0 0.6309844002151694 0.7391975308641975 0.03012372243141474 0.05452674897119342
0 0.28321678321678323 0.8245884773662552 0.029585798816568046 0.050411522633744855
0 0.8133405056481979 0.7962962962962963 0.02689618074233459 0.051440329218107
6 0.7996234534696073 0.5442386831275721 0.025282409897794515 0.04526748971193416
0 0.19768692845615923 0.32407407407407407 0.03066164604626143 0.04938271604938271
0 0.16810112963959117 0.3204732510288066 0.029585798816568046 0.04835390946502058
0 0.24778375470683162 0.41602880658436214 0.03967186659494352 0.05787037037037037