4 0.49973944762897343 0.5882352941176471 0.7597707139134966 0.698292220113852
3 0.11099531005732152 0.9397533206831119 0.07191245440333507 0.11859582542694497
3 0.8908285565398645 0.9430740037950665 0.0672225117248567 0.11195445920303605
3 0.892391870766024 0.22058823529411764 0.068264721208963 0.12239089184060721
3 0.49843668577384054 0.9539848197343453 0.06513809275664409 0.09013282732447818
6 0.7209484106305367 0.49667931688804556 0.0297029702970297 0.061669829222011384
3 0.10865033871808233 0.2215370018975332 0.07034914017717561 0.12618595825426945
3 0.5010422094841063 0.2030360531309298 0.05784262636789995 0.10246679316888045
0 0.6120375195414278 0.7571157495256167 0.03804064616988015 0.06261859582542695
0 0.5406461698801459 0.4430740037950664 0.033871808233454925 0.06072106261859583
1 0.9614382490880667 0.5849146110056926 0.04689942678478374 0.5550284629981025
0 0.5781657113079729 0.6622390891840607 0.03491401771756123 0.06072106261859583
0 0.17795726941115164 0.5645161290322581 0.0286607608129234 0.04933586337760911
0 0.22094841063053675 0.5578747628083491 0.031266284523189164 0.04933586337760911
0 0.1696195935383012 0.4852941176470588 0.0286607608129234 0.05787476280834915
0 0.6271495570609693 0.5863377609108159 0.03282959874934862 0.06072106261859583
5 0.9546638874413758 0.06925996204933586 0.08858780614903596 0.13851992409867173
0 0.13236060448150078 0.8036053130929791 0.028139656070870246 0.051233396584440226
2 0.5711307972902553 0.4819734345351044 0.5690463783220427 0.48956356736242884 0.5716519020323085 0.49335863377609107 0.6128191766545076 0.5313092979127134 0.6232412714955706 0.5445920303605313 0.6227201667535175 0.5569259962049335 0.6169880145909328 0.5654648956356736 0.6133402813965607 0.5777988614800759 0.6128191766545076 0.5910815939278937 0.6169880145909328 0.6053130929791272 0.6164669098488796 0.611954459203036 0.5992704533611256 0.6726755218216319 0.6003126628452319 0.6821631878557874 0.6039603960396039 0.6821631878557874 0.6060448150078166 0.6783681214421252 0.6237623762376238 0.6157495256166983 0.6331422615945805 0.6110056925996205 0.6393955184992184 0.6024667931688804 0.6425221469515373 0.5910815939278937 0.6430432516935904 0.5768500948766604 0.6524231370505471 0.5607210626185958 0.6534653465346535 0.5483870967741935 0.6560708702449193 0.5436432637571158 0.7076602397081814 0.5104364326375711 0.7107868681605003 0.5104364326375711 0.7159979155810318 0.5170777988614801 0.7232933819697759 0.5170777988614801 0.7311099531005733 0.5009487666034156 0.7279833246482543 0.4819734345351044 0.7232933819697759 0.47722960151802657 0.7159979155810318 0.476280834914611 0.7087024491922876 0.4857685009487666 0.7040125065138093 0.5 0.6550286607608129 0.532258064516129 0.6399166232412715 0.5227703984819735 0.6258467952058364 0.5294117647058824 0.5831162063574779 0.48956356736242884