4 0.5010057321521626 0.5860778727445394 0.7608129233976029 0.6946153846153845
3 0.8948097967691506 0.943627730294397 0.0774205315268369 0.11273504273504273
3 0.49877019280875456 0.9571984805318138 0.05806670140698281 0.08560303893637226
6 0.5985252735799895 0.6817283950617284 0.031266284523189164 0.06647673314339982
0 0.49877019280875456 0.9557739791073124 0.031266284523189164 0.055622032288698955
0 0.39343408025013027 0.5928679962013295 0.03350182386659719 0.059696106362773026
0 0.6253256904637832 0.4429534662867996 0.032756644085461174 0.055622032288698955
3 0.10949452840020844 0.9512535612535612 0.052610734757686295 0.09020892687559354
3 0.8911151641479937 0.21856600189933523 0.05136008337675873 0.09432098765432098
3 0.10797290255341323 0.21501424501424501 0.05212610734757686 0.09154795821462489
3 0.5 0.201329534662868 0.04098488796248046 0.07374169040835708
0 0.31933819697759247 0.26695156695156697 0.024095883272537783 0.04527065527065527
0 0.14746221990620115 0.7310161443494777 0.025513288170922355 0.04730294396961064
5 0.9630380406461698 0.06647673314339982 0.07392391870766024 0.13295346628679963