4 0.49947889525794686 0.5882352941176471 0.7582073996873372 0.698292220113852
3 0.890568004168838 0.9407020872865275 0.06670140698280354 0.11669829222011385
3 0.10838978634705576 0.2215370018975332 0.07191245440333507 0.12618595825426945
6 0.7959874934861907 0.5341555977229602 0.0297029702970297 0.058823529411764705
3 0.49843668577384054 0.956831119544592 0.07139134966128191 0.08444022770398482
3 0.10969254820218864 0.9421252371916509 0.06930693069306931 0.11385199240986717
3 0.8921313183949974 0.22248576850094876 0.06670140698280354 0.12428842504743833
3 0.5007816571130798 0.2049335863377609 0.05419489317352788 0.0967741935483871
0 0.7384054194893174 0.8372865275142315 0.031266284523189164 0.05787476280834915
1 0.9616988014590933 0.594876660341556 0.042209484106305366 0.5597722960151803
0 0.629755080771235 0.892314990512334 0.03491401771756123 0.05218216318785579
5 0.9562272016675352 0.07210626185958255 0.08650338718082334 0.1442125237191651
0 0.6130797290255341 0.5246679316888045 0.0286607608129234 0.05313092979127135
2 0.5247524752475248 0.5009487666034156 0.5226680562793121 0.5094876660341556 0.5252735799895779 0.5132827324478179 0.5956227201667535 0.5294117647058824 0.5992704533611256 0.5417457305502846 0.6060448150078166 0.5521821631878557 0.6149035956227201 0.5540796963946869 0.6227201667535175 0.5493358633776091 0.6294945284002085 0.5654648956356736 0.6258467952058364 0.6062618595825426 0.6289734236581553 0.6148007590132827 0.6331422615945805 0.6110056925996205 0.6367899947889526 0.5635673624288425 0.6534653465346535 0.5379506641366224 0.7754038561750912 0.5379506641366224 0.7806149035956227 0.5398481973434535 0.7879103699843668 0.5521821631878557 0.7957269411151642 0.5531309297912713 0.8025013027618552 0.5464895635673624 0.805106826472121 0.5351043643263758 0.8025013027618552 0.5170777988614801 0.795205836373111 0.5104364326375711 0.7863470557582074 0.5132827324478179 0.7763418447107868 0.5265654648956357 0.6633663366336634 0.5275142314990512 0.6503387180823346 0.5246679316888045 0.6456487754038561 0.5132827324478179 0.6393955184992184 0.5075901328273245 0.6274101094319958 0.5094876660341556 0.6159458051068265 0.5009487666034156 0.6065659197498697 0.5018975332068312 0.5942329338196978 0.5161290322580645