4 0.4928725121032813 0.5838477366255144 0.6724045185583647 0.6455761316872428
3 0.14490586336740183 0.23984567901234569 0.05580957504034427 0.12474279835390946
3 0.4935449166218397 0.22890946502057613 0.05379236148466918 0.11316872427983539
3 0.8381549220010759 0.24113168724279835 0.05446476600322754 0.13503086419753085
3 0.840172135556751 0.9265740740740741 0.06387842926304464 0.12731481481481483
3 0.49321140398063473 0.9342901234567901 0.05984400215169446 0.12474279835390946
3 0.14759548144163528 0.9272119341563786 0.06118881118881119 0.12088477366255145
6 0.5987789133942981 0.5587757201646091 0.03832705755782679 0.06301440329218107
0 0.340575578267886 0.6115020576131687 0.03294782140935987 0.052726337448559674
0 0.342926304464766 0.6738683127572016 0.0322754168908015 0.0668724279835391
0 0.278375470683163 0.749104938271605 0.03362022592791824 0.06044238683127572
0 0.19937062937062938 0.7786831275720164 0.03160301237224314 0.07073045267489712
0 0.17583647122108662 0.7786831275720164 0.026223776223776224 0.06301440329218107
0 0.561796664873588 0.7497427983539094 0.030258203335126414 0.048868312757201646
0 0.621301775147929 0.7806069958847737 0.02689618074233459 0.0668724279835391
0 0.6851802044109736 0.4166666666666667 0.036309844002151696 0.048868312757201646
0 0.7261968800430338 0.3472222222222222 0.036309844002151696 0.048868312757201646
5 0.9652393760086069 0.10159465020576132 0.06791285637439484 0.12602880658436214