4 0.4979155810317874 0.5882352941176471 0.7675872850442939 0.698292220113852
3 0.10917144346013549 0.9397533206831119 0.06930693069306931 0.11859582542694497
3 0.8908285565398645 0.2215370018975332 0.07139134966128191 0.12808349146110057
3 0.890568004168838 0.9421252371916509 0.06774361646690985 0.11385199240986717
0 0.45831162063574776 0.5787476280834914 0.03804064616988015 0.06261859582542695
3 0.5013027618551329 0.20398481973434535 0.055237102657634186 0.0967741935483871
3 0.10838978634705576 0.22058823529411764 0.07087024491922876 0.12808349146110057
3 0.4979155810317874 0.952561669829222 0.0672225117248567 0.09297912713472485
0 0.7535174570088587 0.5147058823529411 0.031266284523189164 0.05787476280834915
1 0.9611776967170401 0.5882352941176471 0.045336112558624284 0.5578747628083491
0 0.7902553413236061 0.32732447817836813 0.030745179781136008 0.056925996204933584
0 0.47967691505992704 0.47106261859582543 0.03282959874934862 0.061669829222011384
6 0.4447628973423658 0.38377609108159394 0.033871808233454925 0.05787476280834915
5 0.9544033350703491 0.06925996204933586 0.09015112037519542 0.13851992409867173
0 0.14252214695153725 0.7599620493358634 0.03282959874934862 0.05502846299810247
2 0.4361646690984888 0.3766603415559772 0.43564356435643564 0.3889943074003795 0.4392912975508077 0.39943074003795065 0.44554455445544555 0.40417457305502846 0.45492443981240227 0.40037950664136623 0.460656591974987 0.3899430740037951 0.46899426784783743 0.38804554079696396 0.764460656591975 0.3747628083491461 0.7696717040125065 0.3757115749525617 0.7759249609171444 0.38804554079696396 0.7826993225638353 0.3937381404174573 0.7905158936946326 0.3927893738140417 0.795205836373111 0.3889943074003795 0.7978113600833767 0.38235294117647056 0.8035435122459614 0.38140417457305503 0.8593017196456487 0.40702087286527516 0.8650338718082334 0.40702087286527516 0.8660760812923397 0.40417457305502846 0.8645127670661803 0.396584440227704 0.8009379885356956 0.36717267552182165 0.7978113600833767 0.35009487666034156 0.8030224075039083 0.3396584440227704 0.8035435122459614 0.3187855787476281 0.7972902553413236 0.30075901328273247 0.8009379885356956 0.27514231499051234 0.8014590932777488 0.2637571157495256 0.7993746743095362 0.25996204933586337 0.795205836373111 0.2675521821631879 0.7910369984366857 0.29886148007590135 0.7842626367899947 0.3026565464895636 0.7774882751433038 0.31404174573055027 0.7774882751433038 0.3425047438330171 0.7670661803022407 0.36242884250474383 0.491401771756123 0.3766603415559772 0.46221990620114645 0.3766603415559772 0.45231891610213654 0.36432637571157495 0.4439812402292861 0.3633776091081594 0.44033350703491403 0.36527514231499053