1 0.9621834288692027 0.5860778727445394 0.03945284002084418 0.556229819563153
5 0.9615476810838979 0.06511870845204178 0.07689942678478374 0.13023741690408355
4 0.5017509119332986 0.5860778727445394 0.7593225638353309 0.6946153846153845
3 0.8940646169880146 0.9456695156695156 0.0774205315268369 0.10866096866096867
3 0.5021208963001563 0.9531244064577398 0.06774361646690985 0.09374169040835707
6 0.2836321000521105 0.8798005698005698 0.031266284523189164 0.0501994301994302
2 0.2021156852527358 0.7210731244064577 0.02754559666492965 0.052905982905982904
0 0.2672537780093799 0.4470180436847103 0.029775924960917143 0.05833808167141501
0 0.13251172485669618 0.41513770180436843 0.032756644085461174 0.05698005698005698
0 0.27208963001563313 0.4008926875593542 0.026055237102657634 0.05833808167141501
0 0.4931891610213653 0.30864197530864196 0.03498697238144867 0.07189933523266856
0 0.5959197498697237 0.31610636277302945 0.029030745179781138 0.07325735992402659
0 0.6018759770713914 0.4972174738841406 0.029030745179781138 0.0501994301994302
0 0.6874882751433038 0.9843304843304843 0.021589369463262117 0.03133903133903134
0 0.8136685773840542 0.6057549857549858 0.029775924960917143 0.07733143399810068
2 0.196529442417926 0.6254226020892688 0.016378322042730587 0.10038936372269705
0 0.19988014590932776 0.676980056980057 0.029030745179781138 0.043409306742640076
3 0.10992183428869202 0.9503608736942071 0.05282438770192809 0.09054131054131054
0 0.6772485669619595 0.4760683760683761 0.0244293903074518 0.04527065527065527
3 0.10779051589369464 0.21501424501424501 0.05212610734757686 0.09188034188034189
3 0.8911151641479937 0.21690408357075025 0.05145388223032829 0.09643874643874643
0 0.18737884314747263 0.8862867996201329 0.025758207399687337 0.04749287749287749
3 0.5 0.20032288698955367 0.04052631578947368 0.07207977207977209
0 0.31250130276185517 0.7550332383665717 0.024794163626889004 0.045356125356125356
0 0.49207399687337156 0.8228205128205128 0.02829077644606566 0.052905982905982904
2 0.2903298593017197 0.8859040835707502 0.2024861907243356 0.7068243114909781 0.1421870766023971 0.7203903133903135 0.14367587285044295 0.7461671415004749 0.20099739447628973 0.7285308641975309 0.2836300156331422 0.8967578347578347
0 0.25534132360604483 0.8920132953466287 0.02829077644606566 0.052905982905982904
0 0.618254299114122 0.5684425451092118 0.02307972902553413 0.05698005698005698