4 0.5026055237102658 0.5891840607210627 0.7655028660760813 0.7020872865275142
3 0.10838978634705576 0.22106261859582543 0.07087024491922876 0.12333965844402277
3 0.8908285565398645 0.9378557874762808 0.06513809275664409 0.12239089184060721
3 0.8918707660239709 0.22343453510436434 0.06618030224075039 0.12239089184060721
3 0.4979155810317874 0.9530360531309298 0.068264721208963 0.0920303605313093
3 0.5002605523710266 0.2049335863377609 0.061490359562272015 0.10436432637571158
6 0.6336633663366337 0.622865275142315 0.03335070349140177 0.055977229601518026
0 0.5802501302761855 0.3980075901328273 0.03178738926524231 0.05787476280834915
0 0.7834809796769151 0.4530360531309298 0.0297029702970297 0.05977229601518026
3 0.10865033871808233 0.9430740037950665 0.0672225117248567 0.11195445920303605
0 0.7816571130797291 0.7495256166982922 0.030224075039082855 0.05502846299810247
5 0.9546638874413758 0.07115749525616698 0.08963001563314227 0.14231499051233396