4 0.4995153725898906 0.5833713200379866 0.7533663366336634 0.6918993352326687
3 0.890343929129755 0.21706552706552706 0.05657634184471078 0.1085375118708452
3 0.5 0.19921177587844255 0.040771235018238663 0.0743019943019943
3 0.11029181865554977 0.2142355175688509 0.052522146951537264 0.09393162393162392
3 0.11083897863470557 0.9476923076923076 0.05145388223032829 0.0917094017094017
3 0.49914538822303284 0.9619468186134852 0.04689942678478374 0.07610636277302944
3 0.8895987493486192 0.951025641025641 0.05211047420531527 0.09768281101614434
6 0.2847420531526837 0.8804748338081672 0.026055237102657634 0.04884140550807217
0 0.6792965085982282 0.4741595441595442 0.03498697238144867 0.0501994301994302
0 0.6018759770713914 0.4945109211775879 0.024564877540385617 0.0501994301994302
0 0.4935070349140177 0.3109781576448243 0.025039082855653986 0.04632478632478632
0 0.2672954663887442 0.44512820512820517 0.024887962480458572 0.045802469135802465
0 0.4922928608650339 0.8191452991452991 0.023866597186034393 0.04469135802469136
0 0.6864981761334029 0.986096866096866 0.022558624283480978 0.02780626780626781
0 0.5922824387701928 0.3241690408357075 0.024382490880667015 0.04596391263057929
0 0.26926003126628456 0.40154795821462486 0.023559145388223034 0.04424501424501425
0 0.618254299114122 0.5718328584995251 0.026055237102657634 0.052905982905982904
0 0.8136685773840542 0.6044064577397911 0.02829077644606566 0.05833808167141501
5 0.9562272016675352 0.06376068376068376 0.06923397602918187 0.11667616334283001
0 0.13362688900468994 0.41446343779677114 0.018608650338718082 0.04748338081671415
0 0.19988014590932776 0.6708736942070275 0.024564877540385617 0.052905982905982904
0 0.2549713392391871 0.8920132953466287 0.03201146430432517 0.055622032288698955
0 0.18685252735799895 0.8865811965811966 0.031266284523189164 0.06376068376068376
0 0.31154768108389785 0.759059829059829 0.03647733194372069 0.052905982905982904
1 0.9632985930171964 0.5874358974358975 0.0401980198019802 0.5480911680911681
2 0.20174048983845752 0.719031339031339 0.02829077644606566 0.04612535612535613
2 0.1950422094841063 0.6729069325735992 0.2039755080771235 0.6701937321937322 0.19727514330380408 0.5698005698005698 0.18685304846274103 0.5738708452041785
2 0.2806519020323085 0.889974358974359 0.19876446065659195 0.7258176638176638 0.14442053152683687 0.7380275403608737 0.1421870766023971 0.7176771130104463 0.2024861907243356 0.7013969610636278 0.2880964043772798 0.877764482431149