4 0.5002605523710266 0.5849952516619183 0.7597707139134966 0.691358024691358
3 0.10708702449192288 0.2174738841405508 0.07034914017717561 0.1291547958214625
3 0.8908285565398645 0.21937321937321938 0.0672225117248567 0.12535612535612536
3 0.8882230328295988 0.9392212725546059 0.07556018759770713 0.11965811965811966
3 0.10969254820218864 0.9382716049382716 0.08077123501823867 0.12155745489078823
3 0.4992183428869203 0.9510921177587844 0.06670140698280354 0.09591642924976258
0 0.3778009379885357 0.4202279202279202 0.0385617509119333 0.05982905982905983
5 0.9611776967170401 0.06837606837606838 0.07660239708181345 0.13675213675213677
3 0.5039082855653987 0.20750237416904083 0.06044815007816571 0.11870845204178537
0 0.2905158936946326 0.28347578347578345 0.0286607608129234 0.04843304843304843
0 0.7342365815528922 0.4724596391263058 0.030224075039082855 0.057929724596391265
6 0.3830119854090672 0.8836657169990503 0.04064616988014591 0.05413105413105413
0 0.36633663366336633 0.594017094017094 0.04377279833246483 0.06742640075973409
0 0.383381969775925 0.4795821462488129 0.04466388744137571 0.07461538461538461