4 0.4986972381448671 0.5882352941176471 0.7649817613340282 0.6963946869070209
3 0.10891089108910891 0.2215370018975332 0.07191245440333507 0.12618595825426945
3 0.8921313183949974 0.22343453510436434 0.06461698801459093 0.12428842504743833
3 0.890568004168838 0.9421252371916509 0.06774361646690985 0.11385199240986717
3 0.10891089108910891 0.9430740037950665 0.06774361646690985 0.11195445920303605
0 0.784783741532048 0.27656546489563566 0.02918186555497655 0.05218216318785579
0 0.7470036477331944 0.4430740037950664 0.03178738926524231 0.05502846299810247
5 0.953882230328296 0.07020872865275142 0.09119332985930172 0.14041745730550284
1 0.9616988014590933 0.5901328273244781 0.045336112558624284 0.5540796963946869
6 0.49296508598228245 0.6888045540796964 0.03335070349140177 0.06641366223908918
3 0.5041688379364252 0.2148956356736243 0.05784262636789995 0.12428842504743833
2 0.4980270974465868 0.6939554079696394 0.5047269411151641 0.8430464895635674 0.5084491922876498 0.8552457305502846 0.5337602918186556 0.8538899430740038 0.5367378843147472 0.8864193548387096 0.5114273058884836 0.8904848197343453 0.5024940072954663 0.9026840607210626 0.5032381448671183 0.998915559772296 0.4905831162063575 0.9990512333965844 0.4905831162063575 0.9026840607210626 0.4779275664408546 0.8769316888045541 0.4794163626889005 0.8430464895635674 0.48760500260552375 0.8403358633776091 0.4861162063574778 0.6912438330170778
0 0.5051016154247003 0.23990512333965847 0.042433559145388225 0.07048387096774195