4 0.5005211047420531 0.5849952516619183 0.7519541427826993 0.691358024691358
3 0.890568004168838 0.22032288698955366 0.06670140698280354 0.1291547958214625
3 0.11203751954142782 0.2184235517568851 0.07399687337154769 0.13675213675213677
5 0.9609171443460135 0.06837606837606838 0.0771235018238666 0.13675213675213677
3 0.5026055237102658 0.20845204178537513 0.06305367378843148 0.11490978157644824
3 0.10943199583116206 0.9434947768281101 0.07920792079207921 0.1111111111111111
3 0.8879624804585722 0.9401709401709402 0.07087024491922876 0.1177587844254511
3 0.4989577905158937 0.9558404558404558 0.06305367378843148 0.08641975308641975
6 0.8525273579989577 0.7749287749287749 0.030224075039082855 0.05698005698005698
1 0.9622199062011464 0.5897435897435898 0.045336112558624284 0.5489078822412156
0 0.45440333507034913 0.29534662867996203 0.034392912975508075 0.05318138651471985
0 0.14200104220948412 0.7659069325735992 0.027618551328817093 0.052231718898385564
0 0.6136008337675873 0.48243114909781576 0.03178738926524231 0.055080721747388414
0 0.2006253256904638 0.26970560303893637 0.034392912975508075 0.05128205128205128
0 0.13340281396560708 0.3561253561253561 0.02709744658676394 0.055080721747388414
0 0.2751433038040646 0.2972459639126306 0.02709744658676394 0.045584045584045586
0 0.27879103699843666 0.879392212725546 0.02918186555497655 0.05128205128205128
0 0.8522668056279312 0.9055080721747388 0.03282959874934862 0.05413105413105413
0 0.16102136529442418 0.5612535612535613 0.02709744658676394 0.05128205128205128
2 0.8501453882230329 0.7895811965811965 0.18089786347055756 0.5670873694207028 0.10347628973423659 0.6091443494776828 0.09752110474205315 0.5874368471035138 0.16973110995310056 0.5440237416904083 0.15782021886399167 0.4490569800569801 0.17121990620114644 0.44498670465337137 0.1883423658155289 0.5304567901234568 0.8538671182907764 0.7515944919278252