4 0.5007816571130798 0.5882352941176471 0.7597707139134966 0.7001897533206831
3 0.8908285565398645 0.9416508538899431 0.0672225117248567 0.11480075901328274
3 0.10812923397602918 0.2215370018975332 0.07139134966128191 0.12618595825426945
3 0.5005211047420531 0.20161290322580644 0.05263157894736842 0.09962049335863378
3 0.49817613340281397 0.9539848197343453 0.06774361646690985 0.09013282732447818
3 0.892391870766024 0.22248576850094876 0.06513809275664409 0.12239089184060721
6 0.3077123501823867 0.5858633776091081 0.03595622720166754 0.055977229601518026
0 0.7232933819697759 0.5436432637571158 0.028139656070870246 0.04743833017077799
3 0.10812923397602918 0.9463946869070209 0.06618030224075039 0.10531309297912714
1 0.9619593538301199 0.5925047438330171 0.04377279833246483 0.5588235294117647
0 0.7024491922876498 0.6062618595825426 0.023970818134445022 0.04554079696394687
0 0.7415320479416363 0.607685009487666 0.023970818134445022 0.04269449715370019
0 0.7628973423658155 0.5863377609108159 0.02501302761855133 0.04554079696394687
5 0.9554455445544554 0.06925996204933586 0.0880667014069828 0.13851992409867173
2 0.3096852527357999 0.5990787476280834 0.6677587285044294 0.5638387096774193 0.695302761855133 0.6600702087286529 0.7072136529442418 0.6478719165085389 0.6856248045857217 0.5557058823529413 0.7489020323084941 0.4960692599620493 0.7407133923918708 0.4716726755218216 0.6707363210005212 0.5299535104364327 0.3052183428869203 0.5692599620493358
0 0.7018030224075039 0.5636622390891841 0.024684731631057843 0.04441176470588235
0 0.6817613340281397 0.5890417457305503 0.029911412193850965 0.04864326375711575
0 0.74303804064617 0.5655123339658443 0.024684731631057843 0.0417741935483871
0 0.7222772277227723 0.5877229601518027 0.019166232412714958 0.04071157495256167
0 0.7238718082334549 0.6284345351043643 0.028170922355393434 0.04494307400379506