4 0.491059709521248 0.5848765432098766 0.6703873050026896 0.6512345679012346
3 0.8356643356643356 0.9197530864197531 0.06939214631522324 0.13168724279835392
3 0.14846691769768694 0.9228395061728395 0.07100591715976332 0.12139917695473251
3 0.493006993006993 0.9295267489711934 0.061861215707369556 0.10802469135802469
3 0.8375470683162991 0.23919753086419754 0.05917159763313609 0.11625514403292181
3 0.49273803119956966 0.2309670781893004 0.054868208714362564 0.09979423868312758
5 0.9644970414201184 0.09876543209876543 0.06670252824098978 0.12757201646090535
3 0.14792899408284024 0.2412551440329218 0.057019903173749324 0.11625514403292181
1 0.02151694459386767 0.5838477366255144 0.04303388918773534 0.5092592592592593
0 0.34722969338353954 0.8580246913580247 0.03496503496503497 0.05761316872427984
0 0.2251210328133405 0.86059670781893 0.0328133405056482 0.04835390946502058
0 0.6573426573426573 0.37911522633744854 0.025820333512641205 0.05452674897119342
0 0.34158149542764926 0.6697530864197531 0.02689618074233459 0.04526748971193416
0 0.33969876277568584 0.6080246913580247 0.03066164604626143 0.047325102880658436
0 0.2738031199569661 0.7366255144032922 0.027972027972027972 0.04526748971193416
6 0.1958041958041958 0.7896090534979424 0.027972027972027972 0.044238683127572016
0 0.16756320602474448 0.3837448559670782 0.03388918773534158 0.05555555555555555