2 0.49843668577384054 0.5882352941176471 0.7623762376237624 0.7020872865275142
3 0.8913496612819176 0.2215370018975332 0.07139134966128191 0.12998102466793168
3 0.10969254820218864 0.2215370018975332 0.07347576862949452 0.12808349146110057
3 0.49817613340281397 0.9530360531309298 0.06878582595101615 0.0920303605313093
3 0.890568004168838 0.9430740037950665 0.06774361646690985 0.11195445920303605
3 0.10891089108910891 0.9416508538899431 0.06774361646690985 0.11480075901328274
3 0.5 0.2073055028462998 0.06201146430432517 0.09772296015180265
6 0.48853569567483063 0.45635673624288425 0.03178738926524231 0.05502846299810247
5 0.9554455445544554 0.06783681214421253 0.0880667014069828 0.13567362428842505
1 0.960656591974987 0.5863377609108159 0.04637832204273059 0.5521821631878557
0 0.12532569046378322 0.8975332068311196 0.0286607608129234 0.04743833017077799
2 0.4794163626889005 0.4468690702087287 0.47889525794684734 0.45920303605313095 0.4815007816571131 0.47058823529411764 0.4856696195935383 0.47533206831119545 0.4940072954663887 0.47533206831119545 0.5033871808233454 0.45825426944971537 0.508598228243877 0.45445920303605314 0.8488796248045857 0.325426944971537 0.8535695674830641 0.325426944971537 0.863470557582074 0.3377609108159393 0.8733715476810839 0.3377609108159393 0.8806670140698281 0.32922201138519924 0.8832725377800938 0.31688804554079697 0.8827514330380406 0.3064516129032258 0.8806670140698281 0.29791271347248577 0.8744137571651902 0.2903225806451613 0.8650338718082334 0.2884250474383302 0.8572173006774362 0.2969639468690702 0.8540906722251173 0.3111954459203036 0.84627410109432 0.31688804554079697 0.5101615424700364 0.4430740037950664 0.501823866597186 0.4449715370018975 0.4966128191766545 0.43738140417457305 0.4856696195935383 0.43548387096774194