4 0.49058633674018287 0.5828189300411523 0.6691769768692846 0.647119341563786
3 0.14739107046799355 0.23765432098765432 0.06132329209252286 0.11728395061728394
3 0.8375470683162991 0.926954732510288 0.06132329209252286 0.11728395061728394
3 0.493006993006993 0.23199588477366256 0.05325443786982249 0.10596707818930041
3 0.14604626143087682 0.9238683127572016 0.06724045185583648 0.12139917695473251
3 0.8375470683162991 0.23765432098765432 0.05917159763313609 0.12551440329218108
5 0.9647660032275417 0.09876543209876543 0.06831629908552986 0.12962962962962962
3 0.493006993006993 0.9351851851851852 0.0521785906401291 0.10493827160493827
0 0.7264658418504573 0.345679012345679 0.029585798816568046 0.051440329218107
0 0.2315761161915008 0.8816872427983539 0.03388918773534158 0.047325102880658436
0 0.592522861753631 0.7330246913580247 0.027434104357181282 0.06481481481481481
0 0.42630446476600325 0.37088477366255146 0.029585798816568046 0.050411522633744855
0 0.19714900484131254 0.7870370370370371 0.03066164604626143 0.04938271604938271
0 0.278375470683163 0.3230452674897119 0.028509951586874662 0.053497942386831275
0 0.6067778375470683 0.45164609053497945 0.027972027972027972 0.053497942386831275
0 0.34023668639053256 0.6723251028806584 0.03173749327595481 0.056584362139917695
0 0.6511565357719203 0.654835390946502 0.028509951586874662 0.056584362139917695
0 0.5368477676169984 0.4737654320987654 0.025820333512641205 0.04835390946502058
0 0.33942980096826253 0.6095679012345679 0.0322754168908015 0.05246913580246913
0 0.1670252824098978 0.38271604938271603 0.03496503496503497 0.053497942386831275
0 0.29283485745024207 0.293858024691358 0.03698224852071006 0.05529835390946502
6 0.31905863367401827 0.6243621399176955 0.03160301237224314 0.05015432098765432