4 0.5026055237102658 0.5891840607210627 0.7634184471078687 0.698292220113852
3 0.8910891089108911 0.22580645161290322 0.06670140698280354 0.127134724857685
3 0.10917144346013549 0.9421252371916509 0.07034914017717561 0.11385199240986717
3 0.4989577905158937 0.9549335863377609 0.07034914017717561 0.08823529411764706
3 0.890568004168838 0.9430740037950665 0.06774361646690985 0.11195445920303605
3 0.10812923397602918 0.22058823529411764 0.06201146430432517 0.11480075901328274
0 0.866597186034393 0.2898481973434535 0.02709744658676394 0.05218216318785579
3 0.5013027618551329 0.2054079696394687 0.05419489317352788 0.09962049335863378
0 0.5716519020323085 0.2689753320683112 0.030224075039082855 0.05218216318785579
0 0.7618551328817093 0.3069259962049336 0.031266284523189164 0.05787476280834915
5 0.953882230328296 0.07020872865275142 0.09015112037519542 0.14041745730550284
0 0.41896821261073475 0.2680265654648956 0.031266284523189164 0.05028462998102467
0 0.3223032829598749 0.40654648956356737 0.03282959874934862 0.05787476280834915
6 0.3665971860343929 0.9032258064516129 0.03699843668577384 0.051233396584440226