4 0.48870360408821945 0.581275720164609 0.6707907477138246 0.6460905349794238
3 0.14739107046799355 0.23765432098765432 0.06132329209252286 0.11934156378600823
3 0.8375470683162991 0.926954732510288 0.06132329209252286 0.11728395061728394
3 0.14604626143087682 0.9233539094650206 0.06724045185583648 0.12037037037037036
3 0.493006993006993 0.23199588477366256 0.05325443786982249 0.10390946502057613
5 0.9647660032275417 0.10030864197530864 0.06724045185583648 0.13065843621399176
3 0.8375470683162991 0.23765432098765432 0.05917159763313609 0.12551440329218108
3 0.49273803119956966 0.934156378600823 0.052716514254975796 0.10699588477366255
0 0.7264658418504573 0.34516460905349794 0.029585798816568046 0.050411522633744855
0 0.5919849381387843 0.7330246913580247 0.027434104357181282 0.06481481481481481
0 0.2315761161915008 0.8816872427983539 0.03496503496503497 0.047325102880658436
0 0.3257127487896719 0.6723251028806584 0.0328133405056482 0.050411522633744855
0 0.1968800430338892 0.7870370370370371 0.0322754168908015 0.04938271604938271
0 0.4260355029585799 0.37088477366255146 0.031199569661108123 0.050411522633744855
0 0.278375470683163 0.3230452674897119 0.028509951586874662 0.053497942386831275
0 0.24287251210328134 0.6116255144032922 0.027434104357181282 0.046296296296296294
0 0.6067778375470683 0.45164609053497945 0.027972027972027972 0.05555555555555555
0 0.3378160301237224 0.6080246913580247 0.031199569661108123 0.053497942386831275
0 0.16675632060247444 0.38477366255144035 0.03442711135018827 0.053497942386831275
0 0.6511565357719203 0.654835390946502 0.028509951586874662 0.056584362139917695
0 0.5365788058095751 0.4737654320987654 0.025282409897794515 0.04835390946502058
6 0.17912856374394837 0.5390946502057613 0.027972027972027972 0.047325102880658436
0 0.29047875201721357 0.28420781893004116 0.03362022592791824 0.05915637860082305