4 0.4992183428869203 0.5878442545109211 0.7587285044293903 0.7008547008547008
5 0.9614382490880667 0.06647673314339982 0.07503908285565399 0.13105413105413105
3 0.10812923397602918 0.9510921177587844 0.05158936946326212 0.09211775878442545
0 0.19906201146430433 0.5565052231718899 0.030224075039082855 0.05698005698005698
3 0.10995310057321521 0.22459639126305794 0.0760812923397603 0.13770180436847104
0 0.33011985409067224 0.2905982905982906 0.033871808233454925 0.06647673314339982
3 0.49973944762897343 0.9658119658119658 0.04377279833246483 0.06647673314339982
0 0.257686294945284 0.3765432098765432 0.03282959874934862 0.07122507122507123
0 0.33663366336633666 0.4069325735992403 0.03335070349140177 0.06172839506172839
0 0.4486711829077645 0.45726495726495725 0.03335070349140177 0.05413105413105413
0 0.453882230328296 0.7165242165242165 0.030224075039082855 0.050332383665717
3 0.4992183428869203 0.20845204178537513 0.06982803543512246 0.10731244064577398
6 0.4992183428869203 0.5859449192782527 0.028139656070870246 0.055080721747388414
3 0.8916102136529442 0.9510921177587844 0.05627931214174049 0.09401709401709402
3 0.8918707660239709 0.2174738841405508 0.055758207399687336 0.100664767331434