4 0.5 0.5882352941176471 0.7727983324648254 0.698292220113852
3 0.5 0.2030360531309298 0.047420531526836895 0.09297912713472485
3 0.10812923397602918 0.22011385199240988 0.0672225117248567 0.12144212523719165
3 0.10838978634705576 0.9407020872865275 0.06565919749869724 0.11669829222011385
3 0.8916102136529442 0.22343453510436434 0.06461698801459093 0.11859582542694497
3 0.890568004168838 0.9454459203036053 0.06253256904637833 0.10721062618595825
3 0.49947889525794686 0.9558823529411765 0.06513809275664409 0.08633776091081594
0 0.29546638874413755 0.646584440227704 0.02501302761855133 0.04459203036053131
0 0.47550807712350185 0.7689753320683111 0.03282959874934862 0.05787476280834915
5 0.9544033350703491 0.07020872865275142 0.0891089108910891 0.14041745730550284
0 0.5427305888483586 0.8913662239089184 0.03282959874934862 0.055977229601518026
0 0.2941636268890047 0.6024667931688804 0.026576341844710787 0.04933586337760911
0 0.8361125586242835 0.5659392789373814 0.02344971339239187 0.046489563567362426