4 0.492200107584723 0.5843621399176955 0.6691769768692846 0.654320987654321
3 0.8364712210866057 0.9223251028806584 0.0656266810112964 0.1286008230452675
3 0.4935449166218397 0.9305555555555556 0.061861215707369556 0.10802469135802469
3 0.14631522323830015 0.2412551440329218 0.064550833781603 0.12242798353909465
3 0.8375470683162991 0.23919753086419754 0.05917159763313609 0.11625514403292181
3 0.49139322216245296 0.2294238683127572 0.056481979558902634 0.09876543209876543
3 0.14685314685314685 0.9223251028806584 0.0656266810112964 0.12037037037037036
5 0.9647660032275417 0.10030864197530864 0.06724045185583648 0.1286008230452675
1 0.02151694459386767 0.581275720164609 0.04303388918773534 0.5123456790123457
0 0.3464228079612695 0.8580246913580247 0.03335126412049489 0.05761316872427984
0 0.1764389456697149 0.7808641975308642 0.027972027972027972 0.047325102880658436
0 0.6573426573426573 0.37911522633744854 0.025820333512641205 0.05452674897119342
0 0.2748789671866595 0.7391975308641975 0.031199569661108123 0.050411522633744855
0 0.34131253362022596 0.6712962962962963 0.029585798816568046 0.05246913580246913
6 0.17670790747713824 0.43878600823045266 0.027434104357181282 0.04835390946502058
2 0.16783216783216784 0.4269547325102881 0.16568047337278108 0.43621399176954734 0.1694459386767079 0.4547325102880658 0.17374932759548145 0.4588477366255144 0.1834319526627219 0.455761316872428 0.1893491124260355 0.4609053497942387 0.3044647660032275 0.5967078189300411 0.31199569661108123 0.6265432098765432 0.31737493275954815 0.6306584362139918 0.33028509951586876 0.6244855967078189 0.33942980096826253 0.6286008230452675 0.34803657880580957 0.6183127572016461 0.34965034965034963 0.602880658436214 0.3431952662721893 0.5915637860082305 0.33082302313071543 0.5925925925925926 0.32329209252286173 0.5833333333333334 0.3093060785368478 0.5874485596707819 0.1958041958041958 0.4567901234567901 0.1898870360408822 0.448559670781893 0.18558364712210865 0.42901234567901236 0.18128025820333513 0.4218106995884774 0.17536309844002151 0.41975308641975306