4 0.5002605523710266 0.5882352941176471 0.7628973423658155 0.698292220113852
3 0.8908285565398645 0.9407020872865275 0.06618030224075039 0.11669829222011385
3 0.5007816571130798 0.20256166982922202 0.05106826472120896 0.09962049335863378
3 0.10865033871808233 0.22248576850094876 0.07243355914538822 0.12618595825426945
3 0.49843668577384054 0.9539848197343453 0.06513809275664409 0.09013282732447818
3 0.10917144346013549 0.9430740037950665 0.06930693069306931 0.11195445920303605
3 0.8913496612819176 0.22485768500948766 0.06618030224075039 0.1252371916508539
0 0.6855132881709224 0.568785578747628 0.02553413236060448 0.046489563567362426
0 0.7110474205315268 0.5872865275142315 0.026576341844710787 0.04364326375711575
0 0.7113079729025534 0.5436432637571158 0.02501302761855133 0.04743833017077799
0 0.7894736842105263 0.5460151802656547 0.02709744658676394 0.05028462998102467
6 0.8238665971860344 0.2689753320683112 0.031266284523189164 0.05218216318785579
0 0.6448671182907765 0.6736242884250474 0.026576341844710787 0.04933586337760911
0 0.6915059927045336 0.627134724857685 0.02501302761855133 0.04933586337760911
0 0.7829598749348619 0.6608159392789373 0.024491922876498175 0.04269449715370019
5 0.9544033350703491 0.07020872865275142 0.0891089108910891 0.14041745730550284
0 0.7529963522668056 0.7547438330170778 0.02918186555497655 0.054079696394686905
0 0.7299166232412715 0.5645161290322581 0.029030745179781138 0.050151802656546486