4 0.5119854090672226 0.599146110056926 0.7790515893694633 0.7087286527514232
3 0.1122980719124544 0.2243833017077799 0.07660239708181345 0.12618595825426945
3 0.9101094319958312 0.9506641366223909 0.07034914017717561 0.0967741935483871
3 0.11151641479937467 0.9573055028462998 0.06461698801459093 0.08349146110056926
3 0.5112037519541428 0.2073055028462998 0.0573215216258468 0.10341555977229601
0 0.48697238144867117 0.7884250474383302 0.03908285565398645 0.06072106261859583
0 0.5083376758728504 0.4876660341555977 0.0286607608129234 0.05313092979127135
0 0.3025013027618551 0.6608159392789373 0.03595622720166754 0.05977229601518026
5 0.9695153725898906 0.07210626185958255 0.05992704533611256 0.14231499051233396
6 0.46873371547681086 0.4971537001897533 0.03282959874934862 0.056925996204933584
0 0.856696195935383 0.5787476280834914 0.028139656070870246 0.06451612903225806
3 0.9215737363210005 0.22912713472485768 0.05471599791558103 0.12808349146110057
0 0.4989577905158937 0.5521821631878557 0.03178738926524231 0.05502846299810247
3 0.5093798853569568 0.9667931688804554 0.06201146430432517 0.06451612903225806
0 0.5554976550286608 0.9117647058823529 0.034392912975508075 0.051233396584440226