4 0.49973944762897343 0.5891840607210627 0.7545596664929651 0.7001897533206831
3 0.5005211047420531 0.2030360531309298 0.05054715997915581 0.09867172675521822
3 0.10838978634705576 0.2215370018975332 0.07087024491922876 0.12618595825426945
3 0.892391870766024 0.22248576850094876 0.06409588327253778 0.12428842504743833
3 0.49817613340281397 0.9539848197343453 0.06774361646690985 0.09013282732447818
6 0.30667014069828036 0.5858633776091081 0.033871808233454925 0.055977229601518026
3 0.8908285565398645 0.9430740037950665 0.06618030224075039 0.11195445920303605
0 0.7550807712350183 0.5858633776091081 0.023970818134445022 0.04459203036053131
3 0.10812923397602918 0.9463946869070209 0.06618030224075039 0.10531309297912714
0 0.715216258467952 0.6304554079696395 0.024491922876498175 0.04459203036053131
0 0.7149557060969255 0.5426944971537002 0.023970818134445022 0.04554079696394687
1 0.9616988014590933 0.5925047438330171 0.04325169359041167 0.5607210626185958
0 0.7146951537258989 0.5858633776091081 0.02344971339239187 0.04459203036053131
0 0.6745700885878061 0.5839658444022771 0.024491922876498175 0.05028462998102467
5 0.955706096925482 0.06925996204933586 0.08754559666492966 0.13851992409867173
0 0.695127670661803 0.5638330170777989 0.025143303804064616 0.052580645161290324
0 0.734882751433038 0.564146110056926 0.027180823345492443 0.04824478178368122
0 0.7357321521625846 0.6092979127134726 0.02344450234497134 0.04824478178368122
0 0.6936008337675873 0.6074478178368121 0.024799374674309538 0.04577798861480076
2 0.31015997915581034 0.5951603415559772 0.6469953100573216 0.6371432637571157 0.6587509119332986 0.6577229601518026 0.6781922876498176 0.6536062618595825 0.7396816050026056 0.6997049335863378 0.7428467952058363 0.6758320683111955 0.6822615945805107 0.6289108159392789 0.6781922876498176 0.6042153700189753 0.6980859822824388 0.5235436432637571 0.6872350182386661 0.5153121442125237 0.6691495570609692 0.5869288425047439 0.6515169359041167 0.597629981024668 0.6474476289734237 0.6108007590132827 0.30970766023970814 0.572111954459203