4 0.5013757165190204 0.588119658119658 0.7600677436164669 0.6932573599240266
3 0.1068264721208963 0.21909781576448245 0.07369984366857739 0.12887939221272554
3 0.5077071391349661 0.2082526115859449 0.061042209484106304 0.12074074074074075
3 0.890343929129755 0.22113960113960116 0.06699843668577384 0.12753086419753085
3 0.8918342886920271 0.9341310541310541 0.08933298593017197 0.1317283950617284
3 0.495794684731631 0.9402374169040836 0.06253256904637833 0.11952516619183286
3 0.10906201146430432 0.9375213675213676 0.0945440333507035 0.1249477682811016
0 0.29070349140177176 0.28354226020892687 0.029030745179781138 0.04884140550807217
0 0.7336425221469515 0.47347578347578345 0.03201146430432517 0.059696106362773026
5 0.9615476810838979 0.06783475783475784 0.07689942678478374 0.13566951566951568
1 0.9629286086503387 0.5894681861348529 0.04392391870766024 0.5521652421652421
0 0.63686294945284 0.43413105413105413 0.03201146430432517 0.05426400759734093
0 0.3837571651902032 0.4158214624881292 0.03350182386659719 0.05833808167141501
0 0.383381969775925 0.47347578347578345 0.031266284523189164 0.06783475783475784
0 0.3722199062011464 0.5908262108262108 0.0372225117248567 0.06376068376068376
6 0.5010057321521626 0.6464482431149098 0.029775924960917143 0.0501994301994302
2 0.5039828035435122 0.6525574548907882 0.6312813965607087 0.485687559354226 0.6982803543512246 0.5155337132003799 0.7020026055237103 0.49789743589743585 0.6364924439812403 0.45991073124406456 0.6603142261594581 0.31746058879392214 0.6461698801459094 0.3106771130104463 0.6245810317873892 0.4680503323836657 0.4980270974465868 0.634920227920228