4 0.5 0.5915559772296015 0.7602918186555497 0.6954459203036053
3 0.49843668577384054 0.9573055028462998 0.07034914017717561 0.08349146110056926
3 0.8895257946847316 0.9407020872865275 0.06565919749869724 0.11669829222011385
3 0.10891089108910891 0.9440227703984819 0.06670140698280354 0.11005692599620494
3 0.10838978634705576 0.2215370018975332 0.07087024491922876 0.12428842504743833
3 0.5010422094841063 0.2030360531309298 0.053673788431474724 0.10246679316888045
3 0.8913496612819176 0.2243833017077799 0.06618030224075039 0.12998102466793168
0 0.8272537780093799 0.4573055028462998 0.027618551328817093 0.051233396584440226
0 0.6714434601354873 0.7205882352941176 0.026576341844710787 0.04838709677419355
6 0.8189161021365294 0.7376660341555977 0.03178738926524231 0.05028462998102467
0 0.7464825429911413 0.4198292220113852 0.026576341844710787 0.054079696394686905
0 0.5380406461698801 0.7960151802656547 0.0297029702970297 0.05502846299810247
0 0.8303804064616988 0.32637571157495254 0.027618551328817093 0.05313092979127135
0 0.21235018238665973 0.6067362428842504 0.03178738926524231 0.055977229601518026
0 0.8543512245961439 0.8434535104364327 0.026576341844710787 0.04743833017077799
5 0.9541427826993225 0.07210626185958255 0.09067222511724857 0.1442125237191651
0 0.6159458051068265 0.9022770398481973 0.03543512245961438 0.05313092979127135
0 0.6466909848879625 0.7765654648956357 0.02501302761855133 0.04838709677419355