4 0.5026055237102658 0.5882352941176471 0.7592496091714435 0.6963946869070209
3 0.8897863470557582 0.9388045540796964 0.07034914017717561 0.1204933586337761
3 0.1112558624283481 0.9388045540796964 0.07556018759770713 0.1204933586337761
3 0.49947889525794686 0.9573055028462998 0.06930693069306931 0.08349146110056926
3 0.5005211047420531 0.20208728652751423 0.05054715997915581 0.09487666034155598
3 0.8918707660239709 0.2239089184060721 0.06513809275664409 0.12144212523719165
6 0.6988014590932777 0.5071157495256167 0.031266284523189164 0.054079696394686905
0 0.6571130797290256 0.5464895635673624 0.028139656070870246 0.05313092979127135
3 0.10865033871808233 0.22011385199240988 0.06513809275664409 0.12144212523719165
0 0.5807712350182387 0.801707779886148 0.03178738926524231 0.058823529411764705
0 0.24648254299114122 0.8425047438330171 0.034392912975508075 0.051233396584440226
0 0.23553934340802501 0.4278937381404175 0.03335070349140177 0.04933586337760911
0 0.36607608129233976 0.905123339658444 0.030745179781136008 0.04933586337760911
5 0.9577905158936947 0.07020872865275142 0.08337675872850443 0.13851992409867173
0 0.8319437206878583 0.8719165085388995 0.02553413236060448 0.04364326375711575