4 0.4919311457772996 0.5838477366255144 0.671866594943518 0.647119341563786
3 0.14604626143087682 0.23919753086419754 0.061861215707369556 0.11213991769547325
3 0.8378160301237224 0.23919753086419754 0.06078536847767617 0.11625514403292181
3 0.4919311457772996 0.22839506172839505 0.05325443786982249 0.09876543209876543
0 0.7122108660570199 0.5627572016460906 0.02151694459386767 0.03909465020576132
3 0.8378160301237224 0.9233539094650206 0.061861215707369556 0.12654320987654322
3 0.14658418504572351 0.926954732510288 0.055406132329209254 0.10699588477366255
3 0.493006993006993 0.9356995884773662 0.05325443786982249 0.10390946502057613
0 0.7310381925766541 0.5442386831275721 0.022592791823561054 0.0411522633744856
0 0.7305002689618074 0.6198559670781894 0.02151694459386767 0.04218106995884774
0 0.7310381925766541 0.581275720164609 0.020441097364174286 0.03909465020576132
5 0.9644970414201184 0.09876543209876543 0.0656266810112964 0.12345679012345678
6 0.3243679397525551 0.5838477366255144 0.025820333512641205 0.046296296296296294
0 0.7305002689618074 0.6604938271604939 0.02151694459386767 0.043209876543209874
0 0.6775147928994083 0.602366255144033 0.02097902097902098 0.040123456790123455
0 0.7122108660570199 0.522633744855967 0.019365250134480903 0.043209876543209874
0 0.6775147928994083 0.5612139917695473 0.019903173749327596 0.040123456790123455
0 0.6597633136094675 0.5828189300411523 0.019903173749327596 0.04218106995884774
0 0.6957772996234535 0.5443827160493827 0.021850457235072618 0.04326131687242798
0 0.7304679935449166 0.5027777777777778 0.02338353953738569 0.04729423868312757
0 0.6943410435718128 0.5819547325102881 0.01859064012910167 0.037026748971193416
0 0.7116890801506186 0.6006481481481482 0.025298547606239914 0.04729423868312757
0 0.6958741258741259 0.6213683127572017 0.02089295320064551 0.04472222222222222
0 0.711877353415815 0.6384156378600823 0.01954814416352878 0.045092592592592594