4 0.49031737493275956 0.5833333333333334 0.6707907477138246 0.6502057613168725
3 0.1471221086605702 0.23765432098765432 0.06293706293706294 0.12757201646090535
3 0.8380849919311458 0.23868312757201646 0.055944055944055944 0.11934156378600823
3 0.14604626143087682 0.926954732510288 0.061861215707369556 0.10905349794238683
5 0.9647660032275417 0.09876543209876543 0.06724045185583648 0.12962962962962962
3 0.8378160301237224 0.926954732510288 0.061861215707369556 0.11728395061728394
3 0.4919311457772996 0.23045267489711935 0.055406132329209254 0.102880658436214
0 0.7261968800430338 0.34516460905349794 0.031199569661108123 0.050411522633744855
6 0.42011834319526625 0.41100823045267487 0.03335126412049489 0.05246913580246913
3 0.49327595481441633 0.9356995884773662 0.052716514254975796 0.10390946502057613
0 0.5919849381387843 0.7330246913580247 0.027434104357181282 0.06481481481481481
0 0.2772996234534696 0.7474279835390947 0.0328133405056482 0.06275720164609054
0 0.5368477676169984 0.4737654320987654 0.022592791823561054 0.046296296296296294
0 0.3399677245831092 0.6080246913580247 0.031199569661108123 0.053497942386831275
0 0.607315761161915 0.4506172839506173 0.025820333512641205 0.047325102880658436
0 0.34131253362022596 0.6702674897119342 0.0328133405056482 0.06481481481481481
0 0.17670790747713824 0.7813786008230452 0.03066164604626143 0.05864197530864197
0 0.6514254975793438 0.6574074074074074 0.029047875201721356 0.05761316872427984
0 0.5112963959117806 0.40329218106995884 0.025282409897794515 0.043209876543209874
0 0.16729424421732114 0.3837448559670782 0.03550295857988166 0.051440329218107
0 0.19735341581495427 0.7838271604938272 0.02891339429800968 0.05787037037037037