4 0.4979155810317874 0.5887939221272555 0.7540385617509119 0.6932573599240266
3 0.890568004168838 0.21937321937321938 0.06774361646690985 0.12725546058879392
3 0.8882230328295988 0.9354226020892688 0.07764460656591975 0.12725546058879392
3 0.10969254820218864 0.9373219373219374 0.08389786347055758 0.12345679012345678
3 0.4947889525794685 0.9382716049382716 0.06201146430432517 0.12155745489078823
5 0.9609171443460135 0.06837606837606838 0.0771235018238666 0.13675213675213677
3 0.5054715997915581 0.2060778727445394 0.06044815007816571 0.11585944919278253
0 0.37884314747264203 0.4188034188034188 0.03751954142782699 0.060778727445394115
3 0.10734757686294945 0.21652421652421652 0.0760812923397603 0.1291547958214625
0 0.6977592496091715 0.28062678062678065 0.028139656070870246 0.05413105413105413
0 0.29025534132360603 0.28347578347578345 0.028139656070870246 0.04653371320037987
0 0.36737884314747266 0.5911680911680912 0.041688379364252216 0.06552706552706553
1 0.9616988014590933 0.5902184235517569 0.045336112558624284 0.5498575498575499
6 0.4504950495049505 0.2725546058879392 0.03178738926524231 0.05318138651471985
0 0.49843668577384054 0.7768281101614435 0.027618551328817093 0.06267806267806268
0 0.6136008337675873 0.4829059829059829 0.03282959874934862 0.05413105413105413
2 0.44963887441375716 0.27811680911680914 0.6878582595101616 0.32288698955365625 0.7600682647212089 0.3975033238366572 0.7667686294945284 0.37579677113010446 0.6990250130276185 0.3079639126305793 0.7265690463783221 0.21435327635327636 0.7116800416883793 0.19943019943019943 0.6871136008337675 0.2957540360873694 0.45633871808233456 0.2550531813865147
0 0.14293381969775926 0.7638081671415005 0.022334549244398125 0.0705508072174739