0 0.16377800937988538 0.2638746438746439 0.02829077644606566 0.04748338081671415
0 0.21030224075039083 0.26590693257359926 0.026055237102657634 0.05426400759734093
0 0.3662636789994789 0.31067426400759734 0.02829077644606566 0.05426400759734093
0 0.4116727462219906 0.5073979107312441 0.031266284523189164 0.05426400759734093
0 0.47159979155810317 0.6240645773979108 0.029030745179781138 0.04612535612535613
0 0.575450755601876 0.410389363722697 0.02829077644606566 0.0501994301994302
0 0.7611829077644606 0.2652326685660019 0.03350182386659719 0.0501994301994302
6 0.7556018759770714 0.4049667616334283 0.02829077644606566 0.052905982905982904
0 0.8207399687337155 0.47822412155745486 0.02754559666492965 0.052905982905982904
0 0.8464252214695154 0.6342450142450142 0.025310057321521626 0.0501994301994302
0 0.7399687337154768 0.8994681861348528 0.032756644085461174 0.04612535612535613
4 0.5006305367378844 0.584045584045584 0.7541115164147995 0.6878347578347578
5 0.9558572173006774 0.06647673314339982 0.06848879624804587 0.11396011396011396
3 0.8910891089108911 0.9462773029439696 0.05211047420531527 0.09360873694207027
3 0.4995153725898906 0.9653371320037987 0.04466388744137571 0.06932573599240266
3 0.11083897863470557 0.9476923076923076 0.05145388223032829 0.09276353276353277
3 0.5 0.19954415954415955 0.040771235018238663 0.07319088319088318
3 0.10968212610734757 0.2142355175688509 0.05117769671704012 0.09260208926875595
3 0.8886711829077644 0.2146723646723647 0.05233976029181865 0.09554605887939221