4 0.4956966110812265 0.581275720164609 0.6632598171059709 0.6481481481481481
3 0.14739107046799355 0.23765432098765432 0.06132329209252286 0.11934156378600823
3 0.8375470683162991 0.9259259259259259 0.06132329209252286 0.11728395061728394
3 0.49327595481441633 0.23199588477366256 0.05379236148466918 0.10390946502057613
3 0.493006993006993 0.9356995884773662 0.05433028509951587 0.10390946502057613
3 0.8375470683162991 0.23765432098765432 0.05917159763313609 0.12551440329218108
3 0.14658418504572351 0.9238683127572016 0.06401291016675632 0.11934156378600823
5 0.9647660032275417 0.09876543209876543 0.06724045185583648 0.12962962962962962
0 0.5919849381387843 0.7330246913580247 0.027434104357181282 0.06481481481481481
0 0.34050564819795587 0.6712962962962963 0.0322754168908015 0.056584362139917695
0 0.7264658418504573 0.34516460905349794 0.029585798816568046 0.050411522633744855
0 0.4260355029585799 0.3698559670781893 0.031199569661108123 0.050411522633744855
0 0.1958041958041958 0.7854938271604939 0.03012372243141474 0.04835390946502058
0 0.2315761161915008 0.8816872427983539 0.0328133405056482 0.047325102880658436
0 0.606508875739645 0.4506172839506173 0.028509951586874662 0.053497942386831275
0 0.278375470683163 0.3230452674897119 0.027434104357181282 0.04938271604938271
1 0.021785906401291015 0.5838477366255144 0.04142011834319527 0.5051440329218106
0 0.5363098440021516 0.4737654320987654 0.02689618074233459 0.05246913580246913
0 0.3375470683162991 0.6090534979423868 0.03388918773534158 0.05555555555555555
0 0.6511565357719203 0.654835390946502 0.028509951586874662 0.056584362139917695
0 0.24475524475524477 0.6141975308641975 0.025820333512641205 0.04526748971193416
6 0.17563206024744488 0.543724279835391 0.027434104357181282 0.04835390946502058
0 0.1670252824098978 0.38271604938271603 0.03173749327595481 0.04938271604938271
2 0.1963421194190425 0.5596707818930041 0.20064550833781603 0.5720164609053497 0.21301775147928995 0.5833333333333334 0.2162452931683701 0.602880658436214 0.22054868208714362 0.6131687242798354 0.2339967724583109 0.6193415637860082 0.23991393222162452 0.6306584362139918 0.25658956428187196 0.6327160493827161 0.3093060785368478 0.6944444444444444 0.314147391070468 0.6975308641975309 0.3168370091447015 0.6934156378600823 0.3125336202259279 0.684156378600823 0.26304464766003227 0.6275720164609053 0.25766541151156536 0.6193415637860082 0.25121032813340505 0.595679012345679 0.24045185583647122 0.5874485596707819 0.23776223776223776 0.5709876543209876 0.2485207100591716 0.5360082304526749 0.24744486282947822 0.5277777777777778 0.24314147391070468 0.5308641975308642 0.23292092522861754 0.5637860082304527 0.2291554599246907 0.5679012345679012 0.2151694459386767 0.5751028806584362
0 0.2947014523937601 0.29417695473251027 0.031990317374932756 0.06118312757201646