4 0.4992183428869203 0.5901328273244781 0.7545596664929651 0.7001897533206831
3 0.10917144346013549 0.9388045540796964 0.06618030224075039 0.1204933586337761
3 0.8903074517978113 0.9407020872865275 0.06930693069306931 0.11669829222011385
3 0.10760812923397603 0.22011385199240988 0.06305367378843148 0.11764705882352941
3 0.49973944762897343 0.2030360531309298 0.05211047420531527 0.0967741935483871
3 0.8916102136529442 0.2239089184060721 0.06565919749869724 0.12144212523719165
3 0.4992183428869203 0.9558823529411765 0.06461698801459093 0.08633776091081594
0 0.29546638874413755 0.6470588235294118 0.03335070349140177 0.05502846299810247
0 0.5693069306930693 0.8510436432637571 0.030745179781136008 0.04933586337760911
0 0.47550807712350185 0.7699240986717267 0.03699843668577384 0.05787476280834915
0 0.691245440333507 0.2637571157495256 0.030745179781136008 0.04933586337760911
0 0.7678478374153205 0.5545540796963947 0.027618551328817093 0.06546489563567362
0 0.16466909848879624 0.5787476280834914 0.028139656070870246 0.056925996204933584
0 0.33011985409067224 0.3249525616698292 0.0286607608129234 0.054079696394686905
6 0.1555497655028661 0.8339658444022771 0.0297029702970297 0.04933586337760911
5 0.955706096925482 0.07210626185958255 0.08754559666492966 0.1442125237191651