3 0.8933246482542991 0.9524501424501424 0.05211047420531527 0.0950997150997151
3 0.5002605523710266 0.967369420702754 0.041688379364252216 0.06525166191832858
3 0.5002605523710266 0.20553656220322888 0.04615424700364773 0.07461538461538461
3 0.8944398124022929 0.22045584045584043 0.04987493486190724 0.10446343779677113
0 0.7528608650338718 0.4773599240265907 0.021490359562272018 0.04128205128205128
0 0.7242001042209484 0.4722032288698956 0.02178217821782178 0.04075023741690408
0 0.7926680562793122 0.6439411206077873 0.02178217821782178 0.04128205128205128
0 0.7133507034914018 0.7660683760683761 0.022652423137050546 0.042867996201329535
0 0.7038561750911934 0.49715099715099714 0.02236060448150078 0.04393162393162393
0 0.5829077644606565 0.6981481481481481 0.02410630536737884 0.04128205128205128
0 0.6996404377279832 0.6306837606837606 0.022652423137050546 0.04498575498575498
0 0.86146951537259 0.3332193732193732 0.02439291297550808 0.04445394112060779
0 0.6950807712350182 0.6913675213675213 0.02119854090672225 0.042345679012345684
0 0.7759197498697238 0.5951377018043684 0.020328295987493486 0.04128205128205128
0 0.5179520583637311 0.3067426400759734 0.02323606044815008 0.046049382716049386
0 0.6811724856696196 0.5948338081671415 0.020036477331943723 0.037578347578347576
0 0.590844189682126 0.3693732193732194 0.021490359562272018 0.03599240265906933
5 0.9599478895257947 0.06580246913580247 0.06774361646690985 0.11803418803418804
6 0.844450234497134 0.6857359924026591 0.0260656591974987 0.042070275403608734
3 0.11017717561229808 0.22045584045584043 0.053600833767587286 0.10174738841405508
3 0.10831683168316833 0.9531244064577398 0.048389786347055756 0.09374169040835707
0 0.5225951016154247 0.4646628679962013 0.022334549244398125 0.04748338081671415
0 0.619744658676394 0.7529534662867996 0.02307972902553413 0.04612535612535613
4 0.5010057321521626 0.588119658119658 0.7578374153204794 0.6959734093067427