3 0.8903074517978113 0.9407020872865275 0.06930693069306931 0.11669829222011385
4 0.4986972381448671 0.5872865275142315 0.7608129233976029 0.6963946869070209
3 0.5002605523710266 0.20208728652751423 0.047941636268890045 0.0967741935483871
3 0.10943199583116206 0.9421252371916509 0.06982803543512246 0.11385199240986717
3 0.11255862428348098 0.222011385199241 0.0760812923397603 0.13851992409867173
3 0.8916102136529442 0.2239089184060721 0.06670140698280354 0.12144212523719165
3 0.49765502866076083 0.9549335863377609 0.06565919749869724 0.08823529411764706
6 0.5833767587285045 0.6124288425047438 0.03282959874934862 0.05218216318785579
0 0.5502866076081292 0.8785578747628083 0.028139656070870246 0.04743833017077799
0 0.48957790515893695 0.622865275142315 0.03178738926524231 0.055977229601518026
0 0.5799895779051589 0.9032258064516129 0.028139656070870246 0.04743833017077799
0 0.6399166232412715 0.9041745730550285 0.031266284523189164 0.051233396584440226
0 0.48410630536737886 0.892314990512334 0.03543512245961438 0.05028462998102467
0 0.22199062011464304 0.33396584440227706 0.031266284523189164 0.05502846299810247
5 0.9567483064095883 0.0730550284629981 0.08546117769671704 0.1461100569259962