4 0.4989577905158937 0.5849952516619183 0.7582073996873372 0.6932573599240266
3 0.8910891089108911 0.9425451092117759 0.0760812923397603 0.11301044634377967
3 0.11203751954142782 0.9425451092117759 0.07920792079207921 0.11301044634377967
5 0.9611776967170401 0.06742640075973409 0.07660239708181345 0.13485280151946819
6 0.6563314226159458 0.5916429249762583 0.0297029702970297 0.060778727445394115
3 0.5002605523710266 0.204653371320038 0.047941636268890045 0.10731244064577398
0 0.2467430953621678 0.8352326685660019 0.0286607608129234 0.05413105413105413
0 0.2501302761855133 0.6234567901234568 0.02918186555497655 0.052231718898385564
0 0.30198019801980197 0.8789173789173789 0.0286607608129234 0.05413105413105413
0 0.856696195935383 0.8461538461538461 0.03543512245961438 0.05698005698005698
3 0.10865033871808233 0.21462488129154797 0.05263157894736842 0.0949667616334283
3 0.8918707660239709 0.2174738841405508 0.053673788431474724 0.09876543209876543
3 0.49973944762897343 0.9648622981956315 0.04689942678478374 0.06837606837606838