3 0.8903074517978113 0.9388045540796964 0.06930693069306931 0.1204933586337761
3 0.11099531005732152 0.9388045540796964 0.07503908285565399 0.1204933586337761
3 0.5002605523710266 0.20208728652751423 0.047941636268890045 0.09297912713472485
3 0.8918707660239709 0.2239089184060721 0.06513809275664409 0.12144212523719165
3 0.49947889525794686 0.9582542694497154 0.0672225117248567 0.08159392789373814
3 0.10865033871808233 0.21916508538899432 0.06305367378843148 0.11764705882352941
0 0.5815528921313184 0.8240037950664136 0.031266284523189164 0.05977229601518026
6 0.7795726941115164 0.5047438330170778 0.030224075039082855 0.056925996204933584
0 0.6803022407503908 0.6333017077798861 0.0286607608129234 0.054079696394686905
0 0.24804585721730069 0.4411764705882353 0.034392912975508075 0.051233396584440226
0 0.2467430953621678 0.8434535104364327 0.033871808233454925 0.051233396584440226
4 0.49973944762897343 0.5882352941176471 0.7649817613340282 0.698292220113852
0 0.3658155289213132 0.905123339658444 0.030224075039082855 0.04933586337760911
5 0.9577905158936947 0.07020872865275142 0.08337675872850443 0.13851992409867173
0 0.8319437206878583 0.8719165085388995 0.02553413236060448 0.04364326375711575