4 0.49914538822303284 0.5826875593542261 0.7541115164147995 0.6851187084520417
0 0.16340281396560707 0.2631908831908832 0.02754559666492965 0.043409306742640076
0 0.21104742053152684 0.26658119658119656 0.026055237102657634 0.04748338081671415
3 0.11240750390828556 0.21909781576448245 0.053600833767587286 0.09904083570750238
3 0.8888535695674831 0.9435612535612536 0.055085982282438765 0.10174738841405508
3 0.5002605523710266 0.9653371320037987 0.043178738926524234 0.06932573599240266
3 0.11144867118290777 0.9476923076923076 0.05154247003647733 0.09243114909781576
3 0.8891610213652944 0.21501424501424501 0.05175612298071912 0.09643874643874643
3 0.499755080771235 0.19954415954415955 0.04052631578947368 0.07402659069325736
0 0.4116206357477853 0.5049857549857549 0.023725898905680044 0.04391263057929725
0 0.3647472642001042 0.30877492877492874 0.022720166753517457 0.04434947768281102
0 0.5756852527357998 0.41021842355175686 0.023027618551328816 0.04415954415954416
0 0.7612298071912454 0.2640645773979107 0.023069306930693072 0.04204178537511871
0 0.6845700885878062 0.5307977207977207 0.022980719124544035 0.0427730294396961
0 0.4709484106305367 0.6251187084520418 0.023470557582073996 0.04365622032288699
0 0.7377384054194893 0.8981101614434948 0.02829077644606566 0.059696106362773026
6 0.6498905680041689 0.6023646723646723 0.02828556539864513 0.05426400759734093
5 0.9569723814486712 0.06580246913580247 0.06774361646690985 0.12074074074074075
0 0.7797967691505993 0.5514814814814815 0.026055237102657634 0.055622032288698955
0 0.5456696195935383 0.7705887939221272 0.02381969775924961 0.051557454890788224
2 0.49355914538822304 0.621358024691358 0.025310057321521626 0.04612535612535613
2 0.38412871287128714 0.6294938271604938 0.4637832204273059 0.6186410256410256 0.4660166753517457 0.6389905033238367 0.38710630536737883 0.6512003798670466
2 0.649147472642001 0.6064301994301995 0.49132725377800934 0.6335641025641026 0.4861162063574778 0.5521642924976258 0.49653830119854087 0.5521642924976258 0.4995158936946326 0.6064301994301995 0.6476586763939551 0.5887939221272555