3 0.14685314685314685 0.9223251028806584 0.064550833781603 0.12654320987654322
3 0.14631522323830015 0.23868312757201646 0.06132329209252286 0.11316872427983539
3 0.492200107584723 0.926954732510288 0.06132329209252286 0.10699588477366255
3 0.8378160301237224 0.9233539094650206 0.061861215707369556 0.12448559670781893
0 0.7307692307692307 0.6198559670781894 0.02097902097902098 0.040123456790123455
3 0.49166218396987627 0.22839506172839505 0.052716514254975796 0.09876543209876543
3 0.8378160301237224 0.23919753086419754 0.06078536847767617 0.1183127572016461
0 0.7122108660570199 0.5637860082304527 0.02151694459386767 0.0411522633744856
5 0.9647660032275417 0.09876543209876543 0.06831629908552986 0.12757201646090535
1 0.021785906401291015 0.5823045267489712 0.04249596557288865 0.5082304526748971
0 0.7310381925766541 0.5426954732510288 0.02151694459386767 0.040123456790123455
0 0.6955352339967724 0.6198559670781894 0.020441097364174286 0.040123456790123455
0 0.7310381925766541 0.581275720164609 0.02151694459386767 0.0411522633744856
0 0.6775147928994083 0.5612139917695473 0.02097902097902098 0.040123456790123455
6 0.3240989779451318 0.8852880658436214 0.03066164604626143 0.046296296296296294
0 0.7310381925766541 0.6594650205761317 0.022592791823561054 0.043209876543209874
0 0.7127487896718666 0.5216049382716049 0.020441097364174286 0.0411522633744856
0 0.6597633136094675 0.581275720164609 0.019903173749327596 0.03909465020576132
0 0.6952017213555676 0.5425514403292181 0.023001613770844538 0.04326131687242798
0 0.6950134480903711 0.5817695473251029 0.019935449166218398 0.04326131687242798
0 0.6778536847767618 0.6012037037037037 0.02280796126949973 0.03958847736625514
0 0.7128348574502421 0.602119341563786 0.021086605701990318 0.045092592592592594
0 0.7124529316837009 0.6422633744855967 0.01916621839698763 0.0439917695473251
0 0.7312372243141473 0.5038786008230453 0.023001613770844538 0.045092592592592594
4 0.49058633674018287 0.5828189300411523 0.6713286713286714 0.647119341563786
2 0.3274959655728887 0.8927325102880659 0.6841651425497579 0.6749495884773663 0.6987520172135557 0.6965473251028806 0.7114566971490048 0.6740493827160494 0.7665099515868746 0.6704495884773662 0.7646277568585261 0.6470514403292181 0.7109860139860139 0.6506512345679012 0.7034572350726197 0.6272530864197532 0.7006342119419042 0.5525586419753087 0.6902824098977944 0.5525586419753087 0.6902824098977944 0.6218528806584362 0.6799306078536848 0.65875 0.32326089295320065 0.872033950617284