4 0.4968733715476811 0.5958254269449715 0.7592496091714435 0.6907020872865275
3 0.11281917665450755 0.22580645161290322 0.0891089108910891 0.14231499051233396
3 0.4986972381448671 0.952561669829222 0.07087024491922876 0.09297912713472485
3 0.10943199583116206 0.9416508538899431 0.07087024491922876 0.11480075901328274
3 0.8921313183949974 0.2215370018975332 0.06774361646690985 0.12998102466793168
6 0.1453882230328296 0.28178368121442127 0.034392912975508075 0.056925996204933584
3 0.890568004168838 0.9421252371916509 0.06774361646690985 0.11385199240986717
3 0.4992183428869203 0.21015180265654648 0.07087024491922876 0.10721062618595825
1 0.9616988014590933 0.5925047438330171 0.04325169359041167 0.5569259962049335
5 0.9554455445544554 0.06925996204933586 0.0880667014069828 0.13851992409867173
0 0.6146430432516936 0.44022770398481975 0.0297029702970297 0.04743833017077799
2 0.1344450234497134 0.2732447817836812 0.1344450234497134 0.29506641366223907 0.13861386138613863 0.2998102466793169 0.14486711829077645 0.29506641366223907 0.15007816571130797 0.2998102466793169 0.15372589890568003 0.29506641366223907 0.15893694632621158 0.29411764705882354 0.3090151120375195 0.349146110056926 0.5539343408025013 0.43263757115749524 0.5763418447107869 0.4430740037950664 0.5852006253256905 0.4629981024667932 0.5914538822303282 0.4696394686907021 0.5945805106826472 0.5246679316888045 0.5951016154247004 0.5294117647058824 0.5982282438770192 0.532258064516129 0.6029181865554977 0.5256166982922201 0.6003126628452319 0.4658444022770398 0.6044815007816571 0.4601518026565465 0.6232412714955706 0.4601518026565465 0.6341844710786868 0.43927893738140417 0.6883793642522147 0.4297912713472486 0.6915059927045336 0.4240986717267552 0.6904637832204273 0.41935483870967744 0.6852527357998958 0.4174573055028463 0.631578947368421 0.4269449715370019 0.6227201667535175 0.4117647058823529 0.614382490880667 0.4098671726755218 0.6034392912975508 0.41840607210626185 0.5977071391349661 0.4146110056925996 0.5893694632621157 0.4155597722960152 0.5810317873892652 0.4278937381404175 0.5752996352266806 0.428842504743833 0.1641479937467431 0.2855787476280835 0.15685252735799896 0.2808349146110057 0.15059927045336113 0.2666034155597723 0.14590932777488275 0.26280834914611007 0.1422615945805107 0.26280834914611007