4 0.49843668577384054 0.5872865275142315 0.7571651902032308 0.698292220113852
3 0.890568004168838 0.9407020872865275 0.06982803543512246 0.11669829222011385
3 0.10838978634705576 0.9473434535104365 0.06253256904637833 0.10341555977229601
3 0.49973944762897343 0.2030360531309298 0.05106826472120896 0.0967741935483871
3 0.8916102136529442 0.22343453510436434 0.06565919749869724 0.11859582542694497
3 0.11151641479937467 0.22485768500948766 0.07087024491922876 0.13851992409867173
3 0.49817613340281397 0.9558823529411765 0.06670140698280354 0.08633776091081594
0 0.295205836373111 0.6456356736242884 0.03491401771756123 0.055977229601518026
0 0.5693069306930693 0.8500948766603416 0.030745179781136008 0.051233396584440226
0 0.6915059927045336 0.2637571157495256 0.031266284523189164 0.04933586337760911
0 0.7678478374153205 0.5545540796963947 0.027618551328817093 0.06736242884250475
0 0.4757686294945284 0.7713472485768501 0.03647733194372069 0.058823529411764705
6 0.13236060448150078 0.3761859582542694 0.02709744658676394 0.05787476280834915
0 0.32985930171964567 0.32637571157495254 0.02918186555497655 0.05502846299810247
0 0.2027097446586764 0.2841555977229602 0.031266284523189164 0.055977229601518026
5 0.9546638874413758 0.07020872865275142 0.08858780614903596 0.14041745730550284