4 0.49973944762897343 0.584045584045584 0.7587285044293903 0.6894586894586895
3 0.10708702449192288 0.2174738841405508 0.07034914017717561 0.1291547958214625
3 0.8903074517978113 0.2207977207977208 0.0672225117248567 0.12630579297245964
3 0.10969254820218864 0.9392212725546059 0.07972902553413236 0.11965811965811966
3 0.49843668577384054 0.9510921177587844 0.0672225117248567 0.09591642924976258
0 0.3778009379885357 0.4202279202279202 0.0385617509119333 0.05982905982905983
3 0.8884835852006253 0.9401709401709402 0.07503908285565399 0.1177587844254511
5 0.9611776967170401 0.06837606837606838 0.07660239708181345 0.13675213675213677
3 0.5041688379364252 0.20750237416904083 0.060969254820218866 0.11870845204178537
0 0.29025534132360603 0.28347578347578345 0.02918186555497655 0.04843304843304843
0 0.7342365815528922 0.47198480531813863 0.030224075039082855 0.05887939221272555
0 0.3665971860343929 0.5925925925925926 0.04429390307451798 0.06647673314339982
6 0.23710265763418448 0.8765432098765432 0.0385617509119333 0.05318138651471985
0 0.38264200104220947 0.4741595441595442 0.0401980198019802 0.055622032288698955