5 0.4992183428869203 0.5925925925925926 0.3449713392391871 0.6343779677113011
3 0.11151641479937467 0.9411206077872745 0.0760812923397603 0.11585944919278253
4 0.5036477331943721 0.5949667616334283 0.7696717040125065 0.6752136752136753
3 0.8910891089108911 0.9411206077872745 0.0760812923397603 0.11585944919278253
3 0.10995310057321521 0.21557454890788225 0.06357477853048463 0.13295346628679963
3 0.5 0.9548907882241215 0.05680041688379364 0.08831908831908832
3 0.5 0.2022792022792023 0.05054715997915581 0.11585944919278253
1 0.9614382490880667 0.5944919278252612 0.0385617509119333 0.5660018993352327
5 0.9590932777488275 0.06315289648622982 0.06930693069306931 0.1225071225071225
0 0.7837415320479416 0.32573599240265905 0.026055237102657634 0.04748338081671415
0 0.2503908285565399 0.620607787274454 0.024491922876498175 0.052231718898385564
6 0.20427305888483585 0.2768281101614435 0.028139656070870246 0.052231718898385564
0 0.24622199062011466 0.8338081671415005 0.027618551328817093 0.05698005698005698
0 0.856696195935383 0.8442545109211775 0.03230849400729546 0.05698005698005698
0 0.30198019801980197 0.8774928774928775 0.0286607608129234 0.05698005698005698
3 0.8913496612819176 0.21889838556505223 0.05680041688379364 0.10731244064577398
2 0.2056873371547681 0.28704558404558406 0.7541875977071392 0.3410778727445394 0.7588202188639916 0.3967977207977208 0.7708650338718083 0.3900436847103514 0.7662324127149558 0.3478309591642925 0.8486925482021886 0.3309468186134853 0.8440599270453361 0.310684710351377 0.7588202188639916 0.32250427350427346 0.2056873371547681 0.26002943969610637