4 0.5 0.5882352941176471 0.7623762376237624 0.7001897533206831
3 0.8900468994267848 0.9397533206831119 0.06982803543512246 0.11859582542694497
3 0.11151641479937467 0.9388045540796964 0.07503908285565399 0.1204933586337761
3 0.892391870766024 0.22011385199240988 0.06513809275664409 0.12333965844402277
3 0.5026055237102658 0.2073055028462998 0.06305367378843148 0.10910815939278938
3 0.10917144346013549 0.2215370018975332 0.07139134966128191 0.12808349146110057
6 0.3809275664408546 0.2661290322580645 0.031266284523189164 0.054079696394686905
3 0.4989577905158937 0.9573055028462998 0.0672225117248567 0.08349146110056926
0 0.5364773319437207 0.48956356736242884 0.03178738926524231 0.056925996204933584
0 0.7212089630015633 0.5849146110056926 0.031266284523189164 0.0635673624288425
0 0.5997915581031787 0.8837760910815939 0.03230849400729546 0.05028462998102467
0 0.7537780093798854 0.8870967741935484 0.0297029702970297 0.04743833017077799
0 0.24648254299114122 0.8425047438330171 0.034392912975508075 0.051233396584440226
1 0.9616988014590933 0.5849146110056926 0.045336112558624284 0.5550284629981025
0 0.36607608129233976 0.9065464895635673 0.03178738926524231 0.05028462998102467
5 0.9577905158936947 0.06878557874762808 0.08337675872850443 0.13757115749525617
2 0.3788056279312142 0.27396584440227706 0.5989020323084939 0.444342504743833 0.6797535174570088 0.5492941176470588 0.6909828035435123 0.526123339658444 0.6101313183949975 0.42253415559772295 0.6340870244919229 0.3502941176470588 0.6228577384054195 0.333938330170778 0.5944101094319958 0.4034516129032258 0.38629181865554973 0.25352087286527514