4 0.5 0.5866191832858499 0.7595466388744138 0.692716049382716
3 0.890568004168838 0.22032288698955366 0.06670140698280354 0.1291547958214625
5 0.9609171443460135 0.06837606837606838 0.0771235018238666 0.13675213675213677
3 0.10917144346013549 0.9434947768281101 0.07972902553413236 0.1111111111111111
3 0.5013027618551329 0.2094017094017094 0.06670140698280354 0.11490978157644824
6 0.8527879103699844 0.7735042735042735 0.03178738926524231 0.057929724596391265
3 0.11099531005732152 0.21889838556505223 0.0760812923397603 0.1339031339031339
1 0.9619593538301199 0.5883190883190883 0.04689942678478374 0.5479582146248813
0 0.45440333507034913 0.2939221272554606 0.03543512245961438 0.05413105413105413
3 0.4992183428869203 0.9558404558404558 0.06253256904637833 0.08641975308641975
0 0.16023970818134445 0.560303893637227 0.03178738926524231 0.05318138651471985
0 0.1422615945805107 0.7659069325735992 0.02709744658676394 0.050332383665717
0 0.6136008337675873 0.4829059829059829 0.03282959874934862 0.0560303893637227
0 0.27540385617509117 0.2972459639126306 0.0286607608129234 0.04748338081671415
0 0.20088587806149036 0.26875593542260207 0.03491401771756123 0.05128205128205128
0 0.13496612819176654 0.35422602089268757 0.02918186555497655 0.05128205128205128
0 0.2782699322563835 0.879392212725546 0.028139656070870246 0.04938271604938271
3 0.8879624804585722 0.9411206077872745 0.07191245440333507 0.11585944919278253
0 0.8520062532569046 0.9050332383665717 0.03543512245961438 0.055080721747388414
2 0.8449343408025013 0.7800845204178537 0.13995362167795727 0.4124273504273504 0.14442053152683687 0.38936372269705605 0.8494007295466389 0.7543076923076922