4 0.5006305367378844 0.585403608736942 0.758577384054195 0.6905413105413105
6 0.7589525794684732 0.36562203228869894 0.029030745179781138 0.04748338081671415
2 0.773470557582074 0.54673314339981 0.02381969775924961 0.051557454890788224
3 0.10757165190203231 0.21300094966761632 0.05136529442417925 0.10038936372269705
3 0.5 0.200664767331434 0.041136008337675875 0.07402659069325736
3 0.8906253256904637 0.21756885090218422 0.05050547159979156 0.09499525166191833
3 0.10779051589369464 0.9539221272554607 0.05270453361125586 0.09120607787274454
3 0.4998905680041688 0.9666286799620133 0.04540906722251172 0.06647673314339982
3 0.8869932256383534 0.9456695156695156 0.06476810838978635 0.10866096866096867
0 0.574127149557061 0.41146248812915476 0.0201980198019802 0.04809116809116809
0 0.6854976550286608 0.5314719848053181 0.021829077644606565 0.03562203228869895
0 0.7618811881188119 0.2654036087369421 0.02280354351224596 0.045118708452041786
0 0.655716519020323 0.8018138651471984 0.02443460135487233 0.037996201329534664
0 0.4699687337154768 0.6238271604938271 0.019546638874413755 0.039183285849952516
0 0.18174570088587805 0.7546248812915479 0.0234549244398124 0.042744539411206074
0 0.20812402292860865 0.2641025641025641 0.02280354351224596 0.04096866096866097
0 0.30058884835852007 0.8739791073124406 0.02248045857217301 0.04155745489078822
0 0.2378009379885357 0.8711016144349477 0.02150078165711308 0.04452991452991453
0 0.36578426263679004 0.31334283000949664 0.021177696717040125 0.04215574548907882
0 0.6735539343408025 0.981301044634378 0.02248045857217301 0.037397910731244065
0 0.4122615945805107 0.5045679012345679 0.021829077644606565 0.04215574548907882
0 0.6995153725898905 0.9795156695156696 0.021177696717040125 0.04096866096866097
0 0.4907191245440334 0.8350902184235518 0.02084940072954664 0.045716999050332385
0 0.7763835330901512 0.5860398860398861 0.02313183949973945 0.04393162393162393
1 0.9599478895257947 0.5874358974358975 0.03945284002084418 0.5508072174738842
5 0.9603230849400729 0.06376068376068376 0.059557060969254824 0.11396011396011396
2 0.7749572694111516 0.6118575498575498 0.7861235018238666 0.7326011396011396 0.7965455966649296 0.7285308641975309 0.7861235018238666 0.6077872744539411
2 0.7624002084418968 0.36345014245014245 0.7770093798853569 0.55167616334283 0.7501693590411673 0.5615830959164292 0.7481307972902553 0.5485802469135802 0.7698749348619073 0.5399126305792973 0.7556055237102658 0.36406932573599243