4 0.49973944762897343 0.5901328273244781 0.7597707139134966 0.7020872865275142
3 0.8895257946847316 0.9388045540796964 0.06670140698280354 0.1204933586337761
3 0.10838978634705576 0.948292220113852 0.06044815007816571 0.1015180265654649
3 0.10786868160500261 0.22058823529411764 0.06253256904637833 0.11480075901328274
3 0.5005211047420531 0.19971537001897532 0.0484627410109432 0.0920303605313093
3 0.8918707660239709 0.22248576850094876 0.06513809275664409 0.1204933586337761
3 0.49947889525794686 0.9539848197343453 0.05680041688379364 0.09013282732447818
0 0.7470036477331944 0.8434535104364327 0.030745179781136008 0.04743833017077799
0 0.4911412193850964 0.650853889943074 0.03699843668577384 0.056925996204933584
0 0.3738926524231371 0.32637571157495254 0.03178738926524231 0.04933586337760911
6 0.8507034914017717 0.7964895635673624 0.03178738926524231 0.054079696394686905
0 0.3389786347055758 0.6997153700189753 0.03282959874934862 0.055977229601518026
5 0.955706096925482 0.06973434535104364 0.08754559666492966 0.13946869070208728