4 0.49973944762897343 0.5878442545109211 0.7545596664929651 0.6989553656220323
3 0.10838978634705576 0.936372269705603 0.09379885356956748 0.12535612535612536
3 0.8895257946847316 0.9344729344729344 0.08441896821261073 0.1291547958214625
3 0.1068264721208963 0.21652421652421652 0.06982803543512246 0.12725546058879392
3 0.8910891089108911 0.2184235517568851 0.06670140698280354 0.12725546058879392
3 0.4947889525794685 0.9392212725546059 0.06305367378843148 0.11965811965811966
5 0.9611776967170401 0.06837606837606838 0.07660239708181345 0.13675213675213677
0 0.3778009379885357 0.41690408357075026 0.0385617509119333 0.06267806267806268
0 0.36425221469515373 0.5897435897435898 0.04585721730067743 0.06457739791073125
3 0.5041688379364252 0.2070275403608737 0.05680041688379364 0.1177587844254511
0 0.7329338196977593 0.4710351377018044 0.033871808233454925 0.060778727445394115
0 0.29025534132360603 0.28347578347578345 0.028139656070870246 0.04843304843304843
1 0.9619593538301199 0.5826210826210826 0.04585721730067743 0.5460588793922128
6 0.49843668577384054 0.647673314339981 0.0286607608129234 0.060778727445394115
0 0.6357477853048463 0.42972459639126304 0.02709744658676394 0.052231718898385564
2 0.5054715997915581 0.6539135802469136 0.6245810317873892 0.46669420702754033 0.7168910891089109 0.3378100664767331 0.7049801980198019 0.3161035137701805 0.6216034392912976 0.42735042735042733 0.5962928608650339 0.3785099715099715 0.5791709223553935 0.39886039886039887 0.6074590932777488 0.46533713200379867 0.4928160500260553 0.6417037037037038