4 0.4989577905158937 0.5910815939278937 0.7634184471078687 0.7001897533206831
3 0.1122980719124544 0.9388045540796964 0.07451797811360084 0.1204933586337761
6 0.2918186555497655 0.9108159392789373 0.03335070349140177 0.04933586337760911
3 0.1112558624283481 0.22248576850094876 0.07660239708181345 0.13377609108159394
3 0.5002605523710266 0.2054079696394687 0.06565919749869724 0.1015180265654649
3 0.892391870766024 0.2215370018975332 0.06618030224075039 0.12428842504743833
3 0.8913496612819176 0.9430740037950665 0.06618030224075039 0.11005692599620494
1 0.9614382490880667 0.5925047438330171 0.04585721730067743 0.5588235294117647
0 0.5409067222511725 0.43595825426944973 0.03230849400729546 0.061669829222011384
0 0.5779051589369463 0.2893738140417457 0.031266284523189164 0.05313092979127135
0 0.5429911412193851 0.7798861480075902 0.03647733194372069 0.058823529411764705
5 0.955706096925482 0.06925996204933586 0.08754559666492966 0.13851992409867173
0 0.1829077644606566 0.41413662239089183 0.03230849400729546 0.05787476280834915
0 0.8058884835852006 0.573055028462998 0.033871808233454925 0.056925996204933584
2 0.2955409067222512 0.9162371916508539 0.7913345492443981 0.557061669829222 0.8240901511203752 0.6478719165085389 0.8352563835330902 0.6302523719165085 0.8069676915059927 0.5448633776091081 0.8672673267326733 0.4662514231499051 0.857589369463262 0.4472760910815939 0.7883569567483064 0.5258880455407969 0.2895852006253257 0.8918406072106262