4 0.4998905680041688 0.588119658119658 0.7600677436164669 0.6932573599240266
3 0.11166753517457008 0.21978157644824312 0.07593017196456488 0.13566951566951568
3 0.5010057321521626 0.21231718898385565 0.05806670140698281 0.11531813865147199
3 0.8914590932777489 0.2150332383665717 0.05881188118811881 0.12887939221272554
3 0.8884835852006253 0.9415954415954416 0.07071912454403335 0.1168091168091168
3 0.5006305367378844 0.9578727445394112 0.06327774882751433 0.08424501424501424
3 0.10831683168316833 0.943627730294397 0.08412193850964045 0.11273504273504273
6 0.551255862428348 0.5508072174738842 0.030521104742053152 0.05698005698005698
0 0.616018759770714 0.4843304843304843 0.03201146430432517 0.06511870845204178
5 0.9503856175091193 0.0698670465337132 0.09922876498176132 0.1397340930674264
0 0.45261594580510683 0.29575498575498577 0.0372225117248567 0.059696106362773026
0 0.27730067743616466 0.29847103513770185 0.03498697238144867 0.05426400759734093
0 0.21008337675872849 0.2702943969610636 0.024564877540385617 0.04527065527065527
0 0.46289213131839496 0.5512630579297246 0.024523189161021367 0.04554605887939221
0 0.14294424179260032 0.7657169990503323 0.02433559145388223 0.045802469135802465
0 0.7402344971339239 0.49341880341880345 0.02433559145388223 0.04544159544159544
0 0.2084940072954664 0.33569800569800573 0.02381969775924961 0.0432383665716999
0 0.2636737884314747 0.8524786324786324 0.02447628973423658 0.045716999050332385
0 0.7294945284002085 0.3897530864197531 0.023694632621156852 0.044938271604938275
0 0.16113079729025534 0.5614909781576448 0.023694632621156852 0.04415954415954416
0 0.6677592496091714 0.6946153846153845 0.03573215216258468 0.059696106362773026
0 0.5854976550286607 0.8296011396011397 0.03647733194372069 0.06105413105413106
0 0.8501459093277749 0.8051851851851852 0.032756644085461174 0.06105413105413106