4 0.49843668577384054 0.5906072106261859 0.7602918186555497 0.6954459203036053
3 0.8908285565398645 0.9407020872865275 0.06618030224075039 0.11669829222011385
3 0.49817613340281397 0.9558823529411765 0.06565919749869724 0.08633776091081594
3 0.5 0.20208728652751423 0.047420531526836895 0.09108159392789374
3 0.8921313183949974 0.22248576850094876 0.06565919749869724 0.1204933586337761
3 0.10917144346013549 0.9430740037950665 0.06930693069306931 0.11195445920303605
6 0.7509119332985931 0.6954459203036053 0.02918186555497655 0.04743833017077799
3 0.10838978634705576 0.2215370018975332 0.06253256904637833 0.1204933586337761
0 0.4781136008337676 0.6864326375711575 0.03699843668577384 0.05977229601518026
5 0.9572694111516414 0.06925996204933586 0.08441896821261073 0.13851992409867173
0 0.7071391349661282 0.635673624288425 0.02501302761855133 0.04933586337760911
0 0.4283480979676915 0.7722960151802657 0.03647733194372069 0.058823529411764705
0 0.7795726941115164 0.6389943074003795 0.02918186555497655 0.05028462998102467
0 0.2670661803022408 0.40512333965844405 0.033871808233454925 0.056925996204933584