4 0.5 0.5878442545109211 0.7582073996873372 0.6951566951566952
3 0.8910891089108911 0.2184235517568851 0.06774361646690985 0.13105413105413105
3 0.10708702449192288 0.2174738841405508 0.07034914017717561 0.1291547958214625
5 0.960656591974987 0.06837606837606838 0.07764460656591975 0.13675213675213677
3 0.8884835852006253 0.9392212725546059 0.07087024491922876 0.11965811965811966
6 0.607608129233976 0.5104463437796771 0.03230849400729546 0.06172839506172839
0 0.37754038561750913 0.41927825261158597 0.03804064616988015 0.06172839506172839
0 0.6271495570609693 0.707977207977208 0.0286607608129234 0.05982905982905983
0 0.7342365815528922 0.47198480531813863 0.03751954142782699 0.060778727445394115
3 0.5010422094841063 0.20275403608736942 0.05784262636789995 0.10541310541310542
1 0.9619593538301199 0.5859449192782527 0.047941636268890045 0.5565052231718899
0 0.2905158936946326 0.28347578347578345 0.027618551328817093 0.04843304843304843
0 0.36685773840541946 0.5959164292497626 0.03751954142782699 0.057929724596391265
0 0.6360083376758728 0.4325735992402659 0.03282959874934862 0.05413105413105413
3 0.49843668577384054 0.9520417853751187 0.06305367378843148 0.09401709401709402
2 0.605970297029703 0.5141775878442545 0.13102084418968213 0.8723371320037987 0.12432047941636269 0.8479173789173788 0.5970369984366858 0.4965403608736942
0 0.38412714955706095 0.47347578347578345 0.03573215216258468 0.05426400759734093