5 0.5044293903074518 0.5915559772296015 0.35956227201667534 0.6366223908918406
4 0.5052110474205316 0.5891840607210627 0.7717561229807192 0.7001897533206831
3 0.49817613340281397 0.9573055028462998 0.07503908285565399 0.08349146110056926
3 0.5007816571130798 0.2073055028462998 0.06774361646690985 0.10910815939278938
3 0.10891089108910891 0.9407020872865275 0.06982803543512246 0.11669829222011385
3 0.8921313183949974 0.2215370018975332 0.06461698801459093 0.1204933586337761
3 0.10917144346013549 0.2215370018975332 0.07347576862949452 0.12428842504743833
6 0.8470557582073996 0.5341555977229602 0.03178738926524231 0.058823529411764705
3 0.8908285565398645 0.9388045540796964 0.06513809275664409 0.11859582542694497
0 0.8116206357477853 0.42267552182163187 0.03178738926524231 0.055977229601518026
5 0.9536216779572694 0.07115749525616698 0.09067222511724857 0.14231499051233396
0 0.7819176654507556 0.7485768500948766 0.0297029702970297 0.056925996204933584
1 0.9622199062011464 0.5925047438330171 0.042209484106305366 0.5512333965844403
2 0.6711829077644607 0.5664136622390892 0.6717040125065138 0.5740037950664136 0.6789994788952579 0.5749525616698292 0.8457529963522668 0.5578747628083491 0.856696195935383 0.5483870967741935 0.8593017196456487 0.5360531309297912 0.8535695674830641 0.5189753320683111 0.8436685773840542 0.5142314990512334
0 0.8371182907764461 0.433719165085389 0.03647733194372069 0.056925996204933584