4 0.5002605523710266 0.5882352941176471 0.7597707139134966 0.698292220113852
3 0.8908285565398645 0.9416508538899431 0.0672225117248567 0.11480075901328274
3 0.10891089108910891 0.22011385199240988 0.07191245440333507 0.1252371916508539
3 0.4979155810317874 0.9539848197343453 0.068264721208963 0.09013282732447818
3 0.5005211047420531 0.20161290322580644 0.05263157894736842 0.09962049335863378
3 0.892391870766024 0.22248576850094876 0.06513809275664409 0.12239089184060721
3 0.10812923397602918 0.9463946869070209 0.06618030224075039 0.10531309297912714
0 0.7230328295987494 0.5441176470588235 0.027618551328817093 0.04838709677419355
6 0.3069306930693069 0.5872865275142315 0.02918186555497655 0.05502846299810247
0 0.7024491922876498 0.607685009487666 0.023970818134445022 0.046489563567362426
0 0.7623762376237624 0.5858633776091081 0.02501302761855133 0.046489563567362426
1 0.9614382490880667 0.5849146110056926 0.04377279833246483 0.5569259962049335
5 0.9544033350703491 0.07020872865275142 0.09015112037519542 0.14041745730550284
2 0.308196456487754 0.5733263757115749 0.6692475247524753 0.5340199240986717 0.7466685773840542 0.4716726755218216 0.7541130797290255 0.5042020872865275 0.6804137571651901 0.5665493358633776 0.7109359041167275 0.6614259962049336 0.7005138092756644 0.6641366223908919 0.6737139134966128 0.5746812144212524 0.31117404898384576 0.6045
0 0.7028035435122459 0.5640796963946869 0.026810838978634708 0.04610056925996205
0 0.6814538822303283 0.5860056925996204 0.027806149035956226 0.04655597722960152
0 0.7230328295987494 0.5893927893738141 0.02457529963522668 0.048814041745730556
0 0.7420270974465868 0.5638519924098672 0.02532047941636269 0.04926944971537002
0 0.7415320479416363 0.6088330170777989 0.02631578947368421 0.04610056925996205
0 0.7226628452318916 0.6287191650853889 0.027806149035956226 0.04610056925996205