4 0.4992183428869203 0.5859449192782527 0.7576862949452841 0.6970560303893637
3 0.49973944762897343 0.9539411206077872 0.061490359562272015 0.09021842355175688
5 0.9614382490880667 0.06647673314339982 0.07503908285565399 0.13105413105413105
6 0.48619072433559146 0.785375118708452 0.031266284523189164 0.060778727445394115
0 0.1995831162063575 0.5565052231718899 0.028139656070870246 0.055080721747388414
0 0.32985930171964567 0.28917378917378916 0.034392912975508075 0.06742640075973409
3 0.10995310057321521 0.22459639126305794 0.08129233976029182 0.1396011396011396
3 0.10812923397602918 0.9510921177587844 0.05158936946326212 0.09211775878442545
0 0.33663366336633666 0.4074074074074074 0.03335070349140177 0.06267806267806268
0 0.257686294945284 0.3755935422602089 0.03282959874934862 0.07122507122507123
0 0.4533611255862428 0.7184235517568851 0.02709744658676394 0.04653371320037987
0 0.44893173527879104 0.45726495726495725 0.03282959874934862 0.0560303893637227
3 0.49947889525794686 0.20845204178537513 0.07034914017717561 0.10921177587844255
3 0.8897863470557582 0.9425451092117759 0.08389786347055758 0.11301044634377967
3 0.8918707660239709 0.2174738841405508 0.055758207399687336 0.100664767331434