4 0.49765502866076083 0.5872865275142315 0.7556018759770714 0.698292220113852
3 0.8913496612819176 0.9454459203036053 0.06618030224075039 0.10721062618595825
3 0.10838978634705576 0.22248576850094876 0.07087024491922876 0.12428842504743833
3 0.49843668577384054 0.9558823529411765 0.068264721208963 0.08633776091081594
3 0.10943199583116206 0.9421252371916509 0.07087024491922876 0.11385199240986717
3 0.892391870766024 0.22248576850094876 0.06618030224075039 0.12428842504743833
1 0.9616988014590933 0.5906072106261859 0.045336112558624284 0.5512333965844403
3 0.5002605523710266 0.20635673624288425 0.055237102657634186 0.09582542694497154
6 0.6073475768629495 0.45113851992409865 0.033871808233454925 0.061669829222011384
0 0.5138092756644086 0.7983870967741935 0.03335070349140177 0.061669829222011384
5 0.9562272016675352 0.06925996204933586 0.08650338718082334 0.13851992409867173
0 0.6313183949973945 0.8913662239089184 0.03282959874934862 0.054079696394686905
2 0.5951016154247004 0.4478178368121442 0.5956227201667535 0.4620493358633776 0.6029181865554977 0.47438330170777987 0.6034392912975508 0.48007590132827327 0.6050026055237102 0.8624288425047438 0.5956227201667535 0.8766603415559773 0.5945805106826472 0.8984819734345351 0.6034392912975508 0.920303605313093 0.6034392912975508 0.9563567362428842 0.5997915581031787 0.9990512333965844 0.6096925482021887 0.9990512333965844 0.6122980719124544 0.9174573055028463 0.6195935383011986 0.9136622390891841 0.6253256904637832 0.9193548387096774 0.6352266805627931 0.9184060721062619 0.6420010422094841 0.9117647058823529 0.6461698801459094 0.9022770398481973 0.6664929650859823 0.9022770398481973 0.6696195935383012 0.8994307400379506 0.6696195935383012 0.8937381404174574 0.6466909848879625 0.8889943074003795 0.638353309015112 0.8690702087286527 0.6289734236581553 0.8662239089184061 0.6185513288170922 0.8700189753320683 0.614382490880667 0.8662239089184061 0.6117769671704012 0.8566309297912713 0.6102136529442418 0.4838709677419355 0.6112558624283481 0.47438330170777987 0.618030224075039 0.45825426944971537 0.6185513288170922 0.4487666034155598 0.6138613861386139 0.43453510436432635 0.6081292339760291 0.4307400379506641 0.6003126628452319 0.43453510436432635