4 0.4995153725898906 0.5833713200379866 0.7533663366336634 0.6918993352326687
3 0.890343929129755 0.21706552706552706 0.05657634184471078 0.1085375118708452
3 0.5 0.19921177587844255 0.040771235018238663 0.0743019943019943
3 0.11029181865554977 0.2142355175688509 0.052522146951537264 0.09393162393162392
3 0.11083897863470557 0.9476923076923076 0.05145388223032829 0.0917094017094017
3 0.49914538822303284 0.9619468186134852 0.04689942678478374 0.07610636277302944
3 0.8895987493486192 0.951025641025641 0.05211047420531527 0.09768281101614434
6 0.8728452318916102 0.272687559354226 0.026055237102657634 0.04884140550807217
0 0.8583949973944763 0.42575498575498577 0.03498697238144867 0.0501994301994302
0 0.4697863470557582 0.6237511870845204 0.024564877540385617 0.0501994301994302
0 0.7406618030224075 0.8970560303893638 0.025039082855653986 0.04632478632478632
0 0.16180823345492443 0.26533713200379866 0.024887962480458572 0.045802469135802465
0 0.5763470557582074 0.4168281101614435 0.024382490880667015 0.04596391263057929
0 0.2100677436164669 0.2673979107312441 0.023559145388223034 0.04424501424501425
0 0.7616831683168317 0.2620322886989554 0.026055237102657634 0.052905982905982904
0 0.7787597707139136 0.735792972459639 0.02829077644606566 0.05833808167141501
5 0.9562272016675352 0.06376068376068376 0.06923397602918187 0.11667616334283001
0 0.41132881709223557 0.5076733143399811 0.03647733194372069 0.052905982905982904
2 0.49301198540906727 0.6168091168091168 0.02829077644606566 0.04612535612535613
2 0.8762006253256905 0.27676068376068375 0.49653830119854087 0.6227103513770181 0.506216258467952 0.7041111111111111 0.49653830119854087 0.7041111111111111 0.48686086503387177 0.6077872744539411 0.8724783741532048 0.25776733143399805
2 0.47048306409588325 0.632207027540361 0.3990171964564878 0.6593409306742639 0.39678426263679 0.6417037037037038 0.4660166753517457 0.6159268755935423
0 0.36551849921834284 0.3089173789173789 0.023866597186034393 0.04469135802469136