4 0.5005211047420531 0.5906072106261859 0.7582073996873372 0.7011385199240987
3 0.8918707660239709 0.22248576850094876 0.0672225117248567 0.12618595825426945
3 0.8908285565398645 0.9421252371916509 0.0672225117248567 0.11385199240986717
3 0.5007816571130798 0.20066413662239088 0.05106826472120896 0.09392789373814042
5 0.9559666492965087 0.07020872865275142 0.08702449192287649 0.14041745730550284
0 0.477853048462741 0.6897533206831119 0.03751954142782699 0.06261859582542695
3 0.10838978634705576 0.22011385199240988 0.06253256904637833 0.11954459203036052
6 0.257686294945284 0.8804554079696395 0.03491401771756123 0.056925996204933584
0 0.7149557060969255 0.5830170777988615 0.03335070349140177 0.061669829222011384
1 0.9609171443460135 0.599146110056926 0.04689942678478374 0.5531309297912713
3 0.4986972381448671 0.9549335863377609 0.07191245440333507 0.08823529411764706
0 0.2670661803022408 0.40512333965844405 0.033871808233454925 0.056925996204933584
0 0.7683689421573736 0.31024667931688804 0.027618551328817093 0.051233396584440226
3 0.10917144346013549 0.9407020872865275 0.07868681605002606 0.11669829222011385
0 0.49088066701406985 0.7485768500948766 0.03335070349140177 0.04174573055028463
2 0.24804585721730069 0.8690702087286527 0.24752475247524752 0.881404174573055 0.2516935904116727 0.8956356736242884 0.2636789994788953 0.8975332068311196 0.27357998957790514 0.8766603415559773 0.45648775403856173 0.7903225806451613 0.4590932777488275 0.7903225806451613 0.46638874413757164 0.801707779886148 0.4757686294945284 0.8074003795066413 0.48410630536737886 0.849146110056926 0.4898384575299635 0.8529411764705882 0.4919228764981761 0.8453510436432637 0.4825429911412194 0.8036053130929791 0.4825429911412194 0.7969639468690702 0.4856696195935383 0.7893738140417458 0.49973944762897343 0.786527514231499 0.5054715997915581 0.7789373814041746 0.5091193329859302 0.7571157495256167 0.5732152162584679 0.7087286527514232 0.5752996352266806 0.7001897533206831 0.570088587806149 0.6973434535104365 0.5638353309015112 0.7011385199240987 0.5080771235018239 0.7428842504743833 0.49817613340281397 0.7352941176470589 0.4867118290776446 0.7362428842504743 0.4757686294945284 0.7495256166982922 0.4627410109431996 0.7552182163187856 0.4585721730067744 0.7637571157495257 0.4559666492965086 0.777988614800759 0.4439812402292861 0.784629981024668 0.2761855132881709 0.864326375711575 0.2688900468994268 0.8652751423149905 0.2642001042209484 0.857685009487666 0.25534132360604483 0.8567362428842504