4 0.5036477331943721 0.5882352941176471 0.7686294945284002 0.7001897533206831
3 0.4989577905158937 0.9539848197343453 0.07034914017717561 0.09013282732447818
3 0.8918707660239709 0.2243833017077799 0.06513809275664409 0.12998102466793168
3 0.10995310057321521 0.9421252371916509 0.07087024491922876 0.11385199240986717
3 0.10891089108910891 0.22011385199240988 0.07399687337154769 0.1252371916508539
3 0.5007816571130798 0.2049335863377609 0.06044815007816571 0.10056925996204934
3 0.890568004168838 0.9416508538899431 0.06774361646690985 0.11480075901328274
1 0.9614382490880667 0.5849146110056926 0.04585721730067743 0.5588235294117647
0 0.8243877019280875 0.610056925996205 0.03230849400729546 0.056925996204933584
0 0.866597186034393 0.2884250474383302 0.02709744658676394 0.04933586337760911
5 0.9536216779572694 0.07020872865275142 0.09067222511724857 0.14041745730550284
0 0.8025013027618552 0.3382352941176471 0.03230849400729546 0.055977229601518026
6 0.7350182386659718 0.8206831119544592 0.033871808233454925 0.05502846299810247
0 0.4192287649817613 0.2680265654648956 0.0286607608129234 0.04838709677419355
0 0.8470557582073996 0.5071157495256167 0.0286607608129234 0.055977229601518026
2 0.7407133923918708 0.829493358633776 0.8188791036998437 0.6641366223908919 0.8657785304846275 0.7047979127134725 0.8717337154768108 0.6804013282732448 0.8300453361125586 0.6370294117647058 0.8724783741532048 0.4676062618595826 0.8553564356435645 0.4567637571157495 0.8114346013548723 0.6329629981024668 0.7295466388744137 0.8064516129032258