4 0.5605164066702528 0.5823045267489712 0.5379236148466918 0.6502057613168725
3 0.8364712210866057 0.9223251028806584 0.0656266810112964 0.1286008230452675
3 0.8375470683162991 0.23919753086419754 0.05917159763313609 0.11419753086419752
3 0.49327595481441633 0.9305555555555556 0.06132329209252286 0.10802469135802469
3 0.493006993006993 0.22993827160493827 0.05433028509951587 0.09773662551440329
5 0.9647660032275417 0.10030864197530864 0.06724045185583648 0.1286008230452675
0 0.3477676169983862 0.8580246913580247 0.0328133405056482 0.05761316872427984
0 0.6573426573426573 0.37911522633744854 0.025820333512641205 0.05452674897119342
0 0.34050564819795587 0.6712962962962963 0.02689618074233459 0.046296296296296294
0 0.3388918773534158 0.6095679012345679 0.02689618074233459 0.04835390946502058
0 0.22538999462076384 0.8569958847736625 0.0322754168908015 0.043209876543209874
3 0.14739107046799355 0.9274691358024691 0.06347498655190963 0.11213991769547325