4 0.39483593329747174 0.5987654320987654 0.7885960193652501 0.7942386831275721
3 0.8041958041958042 0.17232510288065844 0.09682625067240452 0.21296296296296297
0 0.6280258203335126 0.30915637860082307 0.05002689618074233 0.08127572016460906
0 0.6888111888111889 0.8930041152263375 0.04249596557288865 0.0823045267489712
0 0.606508875739645 0.6347736625514403 0.04142011834319527 0.07407407407407407
0 0.6705217859064013 0.23868312757201646 0.05002689618074233 0.0720164609053498
3 0.2444862829478214 0.15946502057613168 0.07799892415277031 0.15843621399176955
6 0.7469069392146315 0.6630658436213992 0.04249596557288865 0.06893004115226338
0 0.4776761699838623 0.9639917695473251 0.054868208714362564 0.06995884773662552
0 0.7635825712748789 0.5859053497942387 0.0457235072619688 0.07921810699588477
0 0.5398063474986552 0.7973251028806584 0.04249596557288865 0.0823045267489712