4 0.4989577905158937 0.584045584045584 0.7582073996873372 0.6932573599240266
0 0.7696717040125065 0.6291547958214625 0.022928608650338717 0.04083570750237417
3 0.5 0.9491927825261158 0.06201146430432517 0.09971509971509972
3 0.1122980719124544 0.9411206077872745 0.06513809275664409 0.11585944919278253
0 0.7691505992704534 0.5023741690408358 0.023970818134445022 0.045584045584045586
3 0.8913496612819176 0.9444444444444444 0.07034914017717561 0.10921177587844255
5 0.960656591974987 0.06647673314339982 0.07556018759770713 0.13105413105413105
6 0.3110995310057322 0.9112060778727445 0.028139656070870246 0.042735042735042736
0 0.7498697238144867 0.6096866096866097 0.021886399166232414 0.04178537511870845
0 0.7694111516414799 0.671415004748338 0.022407503908285567 0.04368471035137702
1 0.9619593538301199 0.5925925925925926 0.0385617509119333 0.5660018993352327
0 0.7092235539343408 0.6077872744539411 0.021886399166232414 0.04368471035137702
0 0.7691505992704534 0.5878442545109211 0.022928608650338717 0.04178537511870845
0 0.7694111516414799 0.5455840455840456 0.022407503908285567 0.042735042735042736
0 0.7295466388744137 0.6291547958214625 0.020844189682126108 0.042735042735042736
0 0.7102657634184472 0.5631528964862298 0.021886399166232414 0.04368471035137702
3 0.5 0.20560303893637227 0.047420531526836895 0.10921177587844255
0 0.7493486190724336 0.6495726495726496 0.019801980198019802 0.039886039886039885
0 0.7493486190724336 0.5664767331433999 0.019801980198019802 0.04083570750237417
0 0.6896821261073476 0.5849952516619183 0.02136529442417926 0.04368471035137702
0 0.7295466388744137 0.5868945868945868 0.020844189682126108 0.04178537511870845
0 0.7292860865033872 0.5427350427350427 0.022407503908285567 0.04653371320037987
3 0.11255862428348098 0.2198480531813865 0.06461698801459093 0.13200379867046533
3 0.8918707660239709 0.21557454890788225 0.05992704533611256 0.13105413105413105
2 0.3126628452318916 0.9238907882241215 0.7340130276185513 0.6946144349477683 0.7697462219906201 0.7488803418803419 0.7779348619072434 0.7285308641975309 0.7466685773840542 0.6796904083570751 0.7920792079207921 0.5847236467236467 0.7786795205836373 0.5711576448243114 0.7340130276185513 0.6606970560303894 0.308196456487754 0.8926875593542261
0 0.7494111516414799 0.5236942070275404 0.02344971339239187 0.04925925925925926