4 0.49947889525794686 0.5887939221272555 0.7561229807191245 0.6951566951566952
3 0.8892652423137051 0.9382716049382716 0.07451797811360084 0.12155745489078823
3 0.8910891089108911 0.22127255460588793 0.06461698801459093 0.13295346628679963
3 0.10708702449192288 0.2174738841405508 0.07034914017717561 0.1291547958214625
3 0.10995310057321521 0.9373219373219374 0.08233454924439812 0.12345679012345678
0 0.6268890046899427 0.7084520417853751 0.028139656070870246 0.05318138651471985
0 0.3785825951016154 0.4188034188034188 0.03804064616988015 0.060778727445394115
5 0.9611776967170401 0.06837606837606838 0.07660239708181345 0.13675213675213677
3 0.49817613340281397 0.9472934472934473 0.06565919749869724 0.10351377018043685
0 0.3658155289213132 0.5906932573599241 0.04585721730067743 0.06837606837606838
0 0.2905158936946326 0.28442545109211775 0.0286607608129234 0.04843304843304843
0 0.7329338196977593 0.47198480531813863 0.033871808233454925 0.060778727445394115
3 0.5028660760812923 0.20560303893637227 0.0573215216258468 0.1168091168091168
1 0.9616988014590933 0.5868945868945868 0.04637832204273059 0.5508072174738842
6 0.6055237102657635 0.5052231718898386 0.03230849400729546 0.06267806267806268
0 0.6354872329338197 0.43067426400759734 0.030745179781136008 0.0560303893637227
0 0.38226680562793125 0.47822412155745486 0.030521104742053152 0.06105413105413106
2 0.6104372068785826 0.5046809116809117 0.6364924439812403 0.6552706552706553 0.6990250130276185 0.6878309591642925 0.6967915581031787 0.7095375118708452 0.6379812402292862 0.6946144349477683 0.6141589369463262 0.8492744539411206 0.6015039082855654 0.838420702754036 0.6253256904637832 0.6756210826210826 0.6000151120375196 0.5128205128205128