3 0.4998905680041688 0.2035042735042735 0.04689942678478374 0.07597340930674264
3 0.8929494528400208 0.21639126305792974 0.048389786347055756 0.10174738841405508
3 0.8907191245440333 0.9483760683760684 0.05583116206357478 0.1032383665716999
3 0.5006305367378844 0.9633048433048433 0.05285565398645128 0.07339981006647674
3 0.1098019801980198 0.9544824311490978 0.060297029702970295 0.09103513770180437
0 0.3644033350703491 0.3127160493827161 0.026055237102657634 0.06376068376068376
0 0.5758207399687337 0.4124311490978158 0.026055237102657634 0.05426400759734093
0 0.7634184471078687 0.2679392212725546 0.026055237102657634 0.0501994301994302
0 0.6856227201667535 0.5352041785375119 0.029775924960917143 0.04748338081671415
0 0.7786816050026055 0.5915099715099715 0.025310057321521626 0.051557454890788224
0 0.6577071391349661 0.8072174738841406 0.030521104742053152 0.06240265906932573
0 0.49095362167795725 0.8390978157644825 0.02754559666492965 0.055622032288698955
0 0.4116727462219906 0.5073979107312441 0.031266284523189164 0.059696106362773026
0 0.29070349140177176 0.8954036087369421 0.03498697238144867 0.059696106362773026
6 0.3052162584679521 0.8228205128205128 0.03424179260031266 0.055622032288698955
2 0.4801610213652944 0.6091443494776828 0.5456711829077645 0.5494501424501425 0.550882230328296 0.5725137701804368 0.48537206878582595 0.6281377018043685
2 0.4503856175091193 0.6478062678062678 0.02829077644606566 0.0501994301994302
2 0.3499327774882751 0.7732573599240266 0.4539666492965086 0.651039886039886 0.4311823866597186 0.5711291547958215 0.42516414799374674 0.5805308641975309 0.4440792079207921 0.6447730294396962 0.3452037519541428 0.7615052231718898