4 0.49843668577384054 0.5858633776091081 0.7592496091714435 0.6954459203036053
3 0.8916102136529442 0.21774193548387097 0.06670140698280354 0.12239089184060721
3 0.8903074517978113 0.9416508538899431 0.06930693069306931 0.11480075901328274
6 0.7209484106305367 0.43785578747628084 0.03178738926524231 0.061669829222011384
3 0.10865033871808233 0.9463946869070209 0.06513809275664409 0.10531309297912714
3 0.11177696717040125 0.22248576850094876 0.07451797811360084 0.13567362428842505
3 0.5010422094841063 0.19971537001897532 0.053673788431474724 0.09582542694497154
3 0.4979155810317874 0.9558823529411765 0.06930693069306931 0.08633776091081594
0 0.5846795205836373 0.4487666034155598 0.03335070349140177 0.056925996204933584
0 0.824127149557061 0.5317836812144212 0.033871808233454925 0.05787476280834915
0 0.578686816050026 0.9032258064516129 0.03282959874934862 0.056925996204933584
0 0.42443981240229284 0.6726755218216319 0.03804064616988015 0.058823529411764705
1 0.9614382490880667 0.5849146110056926 0.047941636268890045 0.5569259962049335
5 0.9564877540385618 0.06925996204933586 0.0859822824387702 0.13851992409867173
0 0.640177175612298 0.905123339658444 0.03178738926524231 0.051233396584440226
0 0.2212089630015633 0.33396584440227706 0.03178738926524231 0.05502846299810247
0 0.48645127670661803 0.568785578747628 0.0297029702970297 0.05218216318785579
2 0.40594059405940597 0.562618595825427 0.4054194893173528 0.5673624288425048 0.4106305367378843 0.5721062618595826 0.4679520583637311 0.5749525616698292 0.4726420010422095 0.5787476280834914 0.47837415320479415 0.5920303605313093 0.48514851485148514 0.5958254269449715 0.4986972381448671 0.5891840607210627 0.5023449713392392 0.5939278937381404 0.504950495049505 0.6043643263757116 0.5039082855653987 0.6669829222011385 0.5054715997915581 0.6707779886148008 0.5096404377279833 0.6707779886148008 0.5117248566961959 0.6603415559772297 0.5122459614382491 0.603415559772296 0.5148514851485149 0.594876660341556 0.522146951537259 0.5853889943074004 0.5242313705054716 0.5721062618595826 0.5273579989577906 0.5664136622390892 0.7055758207399687 0.45445920303605314 0.7107868681605003 0.45351043643263755 0.7170401250651381 0.45920303605313095 0.7248566961959354 0.45825426944971537 0.7285044293903075 0.45351043643263755 0.7316310578426264 0.43833017077798864 0.7258989056800417 0.4222011385199241 0.7165190203230849 0.41935483870967744 0.7087024491922876 0.4307400379506641 0.706618030224075 0.4411764705882353 0.7019280875455967 0.4449715370018975 0.5242313705054716 0.5531309297912713 0.5101615424700364 0.5436432637571158 0.49504950495049505 0.5493358633776091 0.49035956227201666 0.5445920303605313 0.4815007816571131 0.5436432637571158 0.46776237623762373 0.5616698292220114 0.40802501302761857 0.5597722960151803