4 0.4986972381448671 0.5887939221272555 0.7576862949452841 0.6970560303893637
3 0.8900468994267848 0.9425451092117759 0.07920792079207921 0.11301044634377967
3 0.10865033871808233 0.9515669515669516 0.05263157894736842 0.09306742640075974
3 0.10812923397602918 0.21462488129154797 0.05158936946326212 0.0949667616334283
5 0.9616988014590933 0.06647673314339982 0.07556018759770713 0.1291547958214625
3 0.49973944762897343 0.9658119658119658 0.04585721730067743 0.06647673314339982
3 0.49973944762897343 0.20085470085470086 0.041688379364252216 0.0731244064577398
0 0.25534132360604483 0.6282051282051282 0.02709744658676394 0.050332383665717
6 0.30145909327774884 0.37464387464387466 0.026576341844710787 0.050332383665717
0 0.8572173006774362 0.8461538461538461 0.0385617509119333 0.05887939221272555
3 0.8918707660239709 0.2174738841405508 0.053673788431474724 0.09876543209876543