4 0.5007816571130798 0.5872865275142315 0.7628973423658155 0.698292220113852
3 0.10865033871808233 0.2215370018975332 0.07243355914538822 0.12618595825426945
3 0.4986972381448671 0.9530360531309298 0.06357477853048463 0.0920303605313093
3 0.8913496612819176 0.2243833017077799 0.06618030224075039 0.12428842504743833
3 0.8916102136529442 0.9388045540796964 0.06253256904637833 0.1204933586337761
3 0.5010422094841063 0.2054079696394687 0.06409588327253778 0.10531309297912714
0 0.7688900468994267 0.2647058823529412 0.027618551328817093 0.04933586337760911
0 0.6782178217821783 0.29411764705882354 0.0297029702970297 0.05502846299810247
3 0.10891089108910891 0.9421252371916509 0.06982803543512246 0.11385199240986717
0 0.7683689421573736 0.6726755218216319 0.0286607608129234 0.06072106261859583
0 0.453882230328296 0.7172675521821632 0.031266284523189164 0.056925996204933584
0 0.5648775403856175 0.29791271347248577 0.031266284523189164 0.05313092979127135
0 0.841323606044815 0.3036053130929791 0.02553413236060448 0.05502846299810247
0 0.7115685252735799 0.5417457305502846 0.0286607608129234 0.05502846299810247
5 0.9536216779572694 0.07115749525616698 0.09067222511724857 0.14231499051233396
6 0.7514330380406462 0.7950664136622391 0.03230849400729546 0.06072106261859583
0 0.890343929129755 0.9453795066413662 0.020844189682126108 0.04743833017077799
0 0.12134445023449714 0.9541840607210627 0.03424179260031266 0.06777039848197344