4 0.5033871808233454 0.5906072106261859 0.7649817613340282 0.6954459203036053
3 0.10865033871808233 0.2215370018975332 0.07139134966128191 0.12618595825426945
3 0.8916102136529442 0.22485768500948766 0.06565919749869724 0.12144212523719165
3 0.10917144346013549 0.9430740037950665 0.06930693069306931 0.11195445920303605
3 0.5010422094841063 0.20588235294117646 0.06513809275664409 0.10815939278937381
3 0.4979155810317874 0.9573055028462998 0.068264721208963 0.08349146110056926
0 0.6816050026055237 0.6361480075901328 0.02918186555497655 0.05218216318785579
6 0.6081292339760291 0.349146110056926 0.03335070349140177 0.056925996204933584
0 0.8600833767587285 0.45588235294117646 0.02553413236060448 0.054079696394686905
0 0.7506513809275664 0.8980075901328273 0.0286607608129234 0.04838709677419355
3 0.8897863470557582 0.9407020872865275 0.068264721208963 0.11669829222011385
0 0.6461698801459094 0.6987666034155597 0.02501302761855133 0.046489563567362426
0 0.8217821782178217 0.8036053130929791 0.02709744658676394 0.04933586337760911
0 0.7232933819697759 0.5417457305502846 0.030224075039082855 0.056925996204933584
0 0.5656591974986972 0.864326375711575 0.03178738926524231 0.05313092979127135
0 0.7514330380406462 0.6802656546489564 0.02709744658676394 0.058823529411764705
5 0.9554455445544554 0.07115749525616698 0.0880667014069828 0.14231499051233396