4 0.4992183428869203 0.5859449192782527 0.7545596664929651 0.691358024691358
3 0.8900468994267848 0.9425451092117759 0.07920792079207921 0.11301044634377967
3 0.10812923397602918 0.9515669515669516 0.05158936946326212 0.09306742640075974
3 0.49947889525794686 0.9658119658119658 0.04325169359041167 0.06647673314339982
0 0.16440854611776967 0.7587844254510921 0.024491922876498175 0.04938271604938271
5 0.9616988014590933 0.06647673314339982 0.07556018759770713 0.1291547958214625
0 0.2503908285565399 0.6229819563152896 0.026576341844710787 0.04938271604938271
6 0.15450755601875976 0.5664767331433999 0.026576341844710787 0.050332383665717
0 0.8572173006774362 0.8461538461538461 0.0385617509119333 0.05887939221272555
3 0.8918707660239709 0.2174738841405508 0.053673788431474724 0.09876543209876543
3 0.10734757686294945 0.21557454890788225 0.04898384575299635 0.09686609686609686
3 0.49973944762897343 0.2022792022792023 0.04273058884835852 0.0835707502374169
2 0.16154247003647734 0.5684434947768281 0.1704757686294945 0.7041111111111111 0.21067535174570087 0.7068243114909781 0.2114194893173528 0.7353143399810066 0.1704757686294945 0.7339572649572649 0.16452006253256904 0.9374577397910732 0.154097967691506 0.9320313390313391 0.1607978113600834 0.7271737891737893 0.14888692027097447 0.5698005698005698