5 0.4989577905158937 0.5906072106261859 0.34966128191766543 0.6366223908918406
3 0.5007816571130798 0.20635673624288425 0.06774361646690985 0.1110056925996205
3 0.8900468994267848 0.9397533206831119 0.06670140698280354 0.11859582542694497
3 0.8913496612819176 0.22058823529411764 0.06618030224075039 0.12428842504743833
3 0.10917144346013549 0.9416508538899431 0.06930693069306931 0.11480075901328274
4 0.5028660760812923 0.5882352941176471 0.7639395518499218 0.7001897533206831
3 0.49817613340281397 0.9573055028462998 0.07503908285565399 0.08349146110056926
6 0.8436685773840542 0.4117647058823529 0.02918186555497655 0.06072106261859583
3 0.11021365294424179 0.22011385199240988 0.07139134966128191 0.1347248576850095
0 0.5979676915059927 0.9041745730550285 0.03699843668577384 0.058823529411764705
1 0.962480458572173 0.5839658444022771 0.04377279833246483 0.5569259962049335
0 0.8593017196456487 0.8467741935483871 0.02709744658676394 0.05028462998102467
0 0.7240750390828556 0.5417457305502846 0.0286607608129234 0.056925996204933584
0 0.22146951537258988 0.3372865275142315 0.03230849400729546 0.055977229601518026
5 0.9551849921834289 0.07020872865275142 0.08858780614903596 0.14041745730550284
2 0.11829077644606566 0.38614800759013285 0.11829077644606566 0.4089184060721063 0.12193850964043773 0.41840607210626185 0.12871287128712872 0.4240986717267552 0.13809275664408546 0.42314990512333966 0.1464304325169359 0.4089184060721063 0.1532047941636269 0.40417457305502846 0.3585200625325691 0.4089184060721063 0.36425221469515373 0.40037950664136623 0.3376758728504429 0.396584440227704 0.15151120375195415 0.3918406072106262 0.1344450234497134 0.372865275142315 0.12298071912454403 0.3766603415559772
2 0.6399166232412715 0.4032258064516129 0.6420010422094841 0.41366223908918404 0.645127670661803 0.4155597722960152 0.8264721208963002 0.41935483870967744 0.8379364252214695 0.43453510436432635 0.84627410109432 0.4316888045540797 0.8509640437727983 0.42314990512333966 0.8520062532569046 0.4155597722960152 0.8509640437727983 0.39943074003795065 0.8441896821261073 0.3918406072106262 0.8353309015112037 0.3927893738140417 0.8237363210005211 0.4060721062618596