4 0.4998905680041688 0.5847198480531814 0.758577384054195 0.6973314339981006
3 0.8910891089108911 0.944985754985755 0.07295466388744137 0.11002849002849002
3 0.5017509119332986 0.9497340930674264 0.06253256904637833 0.1005318138651472
6 0.7649817613340282 0.6846438746438746 0.02918186555497655 0.042735042735042736
0 0.5549921834288691 0.6218423551756884 0.026143824908806672 0.04721747388414055
0 0.6350234497133923 0.4313105413105413 0.023053673788431477 0.04201329534662868
0 0.6140385617509119 0.6323361823361824 0.030911933298593017 0.057692307692307696
0 0.6927149557060969 0.5091452991452992 0.021860343929129757 0.05070275403608737
0 0.729577905158937 0.33364672364672365 0.025435122459614382 0.04925925925925926
0 0.49534132360604477 0.5502659069325736 0.03323606044815008 0.050151946818613485
0 0.5426628452318916 0.35691358024691355 0.027519541427826994 0.05160493827160494
0 0.8204585721730068 0.6652136752136752 0.02702970297029703 0.042735042735042736
0 0.7301771756122981 0.6390503323836657 0.028650338718082334 0.052431149097815766
0 0.7159927045336113 0.6793447293447293 0.03152162584679521 0.061633428300094974
0 0.5062011464304325 0.7408452041785375 0.03294424179260031 0.05335232668566002
0 0.4905471599791558 0.28208926875593543 0.02580510682647212 0.05189933523266856
0 0.7404429390307452 0.5706552706552707 0.02801980198019802 0.05304843304843305
0 0.689755080771235 0.4554985754985755 0.02344971339239187 0.04780626780626781
0 0.7806513809275664 0.5794396961063627 0.023845752996352266 0.04780626780626781
3 0.11058363731109953 0.9414814814814815 0.06523710265763419 0.11702754036087369
3 0.1133715476810839 0.21820512820512822 0.06603439291297551 0.1377397910731244
3 0.5008181344450234 0.2037037037037037 0.04853048462741011 0.11453941120607787
3 0.8930380406461699 0.2138556505223172 0.06443981240229286 0.1348338081671415
5 0.9597029702970298 0.07201329534662868 0.08059927045336111 0.14401709401709403