4 0.5010422094841063 0.5859449192782527 0.7509119332985931 0.691358024691358
3 0.8884835852006253 0.9354226020892688 0.07920792079207921 0.12725546058879392
3 0.8903074517978113 0.22032288698955366 0.0672225117248567 0.1291547958214625
3 0.1146430432516936 0.2184235517568851 0.08858780614903596 0.14245014245014245
5 0.960656591974987 0.06742640075973409 0.07764460656591975 0.13485280151946819
3 0.49973944762897343 0.9529914529914529 0.06461698801459093 0.09211775878442545
3 0.10917144346013549 0.9434947768281101 0.07868681605002606 0.1111111111111111
6 0.16805627931214173 0.2896486229819563 0.030745179781136008 0.05318138651471985
3 0.5028660760812923 0.20750237416904083 0.0583637311099531 0.11870845204178537
0 0.2907764460656592 0.28347578347578345 0.028139656070870246 0.04843304843304843
1 0.9622199062011464 0.5878442545109211 0.045336112558624284 0.5527065527065527
0 0.45440333507034913 0.29534662867996203 0.03335070349140177 0.05318138651471985
0 0.1422615945805107 0.7659069325735992 0.02709744658676394 0.050332383665717
0 0.6138613861386139 0.48148148148148145 0.031266284523189164 0.05318138651471985
0 0.49843668577384054 0.7792022792022792 0.0297029702970297 0.057929724596391265
0 0.6985409067222512 0.28062678062678065 0.0297029702970297 0.05413105413105413
0 0.27879103699843666 0.8808167141500475 0.030224075039082855 0.052231718898385564
0 0.38144867118290776 0.47530864197530864 0.03335070349140177 0.06172839506172839
0 0.3689421573736321 0.5944919278252612 0.039603960396039604 0.06267806267806268
2 0.43772798332464824 0.9048974358974359 0.1719645648775404 0.28083000949667614 0.16154247003647734 0.2957540360873694 0.4250724335591454 0.9198205128205128