4 0.4986972381448671 0.5891840607210627 0.7576862949452841 0.6963946869070209
3 0.10812923397602918 0.9492409867172675 0.060969254820218866 0.09962049335863378
3 0.5010422094841063 0.20066413662239088 0.058884835852006254 0.09772296015180265
3 0.8903074517978113 0.9378557874762808 0.06618030224075039 0.12239089184060721
3 0.10760812923397603 0.22058823529411764 0.06305367378843148 0.11480075901328274
3 0.8918707660239709 0.22343453510436434 0.06513809275664409 0.12428842504743833
6 0.8285565398645127 0.614326375711575 0.03647733194372069 0.05787476280834915
0 0.3744137571651902 0.32637571157495254 0.030745179781136008 0.04743833017077799
0 0.6464304325169359 0.353415559772296 0.03178738926524231 0.055977229601518026
0 0.3410630536737884 0.7300759013282733 0.03178738926524231 0.05787476280834915
0 0.49088066701406985 0.650853889943074 0.03751954142782699 0.056925996204933584
3 0.5 0.9549335863377609 0.055758207399687336 0.08823529411764706
0 0.7467430953621678 0.8434535104364327 0.03335070349140177 0.04933586337760911
5 0.9585721730067743 0.06878557874762808 0.07972902553413236 0.13377609108159394
0 0.6420739968733716 0.2744686907020873 0.03647733194372069 0.07454459203036053
2 0.8360010422094841 0.615342504743833 0.6796696195935383 0.29411764705882354 0.6848806670140699 0.26972106261859585 0.671480458572173 0.25074573055028465 0.6759473684210526 0.1490920303605313 0.6670140698280355 0.14502561669829223 0.6618030224075039 0.25074573055028465 0.6417034914017719 0.2602333965844402 0.5858707660239708 0.25210056925996205 0.584381969775925 0.2805635673624288 0.6461698801459094 0.2873406072106262 0.6565919749869724 0.30902656546489565 0.6722251172485669 0.3117371916508539 0.8226008337675872 0.6288965844402277