4 0.4986972381448671 0.5878442545109211 0.7576862949452841 0.6970560303893637
3 0.8900468994267848 0.9425451092117759 0.07920792079207921 0.11301044634377967
6 0.1972381448671183 0.6752136752136753 0.027618551328817093 0.045584045584045586
5 0.9616988014590933 0.06647673314339982 0.07556018759770713 0.1291547958214625
3 0.10812923397602918 0.9515669515669516 0.05158936946326212 0.09306742640075974
0 0.15242313705054716 0.7640075973409307 0.0297029702970297 0.04843304843304843
0 0.8572173006774362 0.8461538461538461 0.0385617509119333 0.05887939221272555
0 0.2524752475247525 0.6210826210826211 0.030745179781136008 0.05128205128205128
3 0.8918707660239709 0.2174738841405508 0.053673788431474724 0.09876543209876543
3 0.49973944762897343 0.9658119658119658 0.04585721730067743 0.06647673314339982
3 0.10891089108910891 0.21557454890788225 0.053152683689421575 0.09686609686609686
3 0.5 0.20797720797720798 0.05263157894736842 0.10446343779677113