4 0.4893173527879104 0.584045584045584 0.7806149035956227 0.6932573599240266
3 0.10838978634705576 0.9501424501424501 0.05211047420531527 0.09401709401709402
5 0.9609171443460135 0.06647673314339982 0.07503908285565399 0.13105413105413105
3 0.4992183428869203 0.21462488129154797 0.04898384575299635 0.11965811965811966
1 0.9622199062011464 0.5949667616334283 0.042209484106305366 0.5631528964862298
6 0.4890568004168838 0.2910731244064577 0.027618551328817093 0.04653371320037987
3 0.49947889525794686 0.9658119658119658 0.04325169359041167 0.06647673314339982
3 0.10865033871808233 0.21462488129154797 0.05263157894736842 0.0949667616334283
3 0.8921313183949974 0.21367521367521367 0.06670140698280354 0.13485280151946819
3 0.8903074517978113 0.9434947768281101 0.08077123501823867 0.1111111111111111
2 0.4943048462741011 0.29982336182336183 0.2799077644606566 0.9238907882241215 0.26501875977071393 0.91032383665717 0.48686086503387177 0.28354320987654325
0 0.48946847316310577 0.2482716049382716 0.03498697238144867 0.05426400759734093