4 0.4995153725898906 0.5868785578747628 0.7593225638353309 0.6966698292220114
3 0.11203751954142782 0.2236337760910816 0.08114121938509641 0.13011385199240985
3 0.5010057321521626 0.20601518026565463 0.06848879624804587 0.10572106261859583
3 0.8929494528400208 0.2243168880455408 0.06625325690463783 0.12605313092979128
3 0.8892287649817614 0.939146110056926 0.06178738926524231 0.12171726755218215
3 0.4972850442939031 0.9581214421252372 0.07146430432516936 0.08376660341555978
3 0.11017717561229808 0.9371062618595826 0.07295466388744137 0.12577798861480075
5 0.9570818134445024 0.07387096774193548 0.08583116206357479 0.14773244781783682
0 0.8091974986972381 0.64719165085389 0.02829077644606566 0.06641366223908918
0 0.31824908806670144 0.26971537001897533 0.03201146430432517 0.05421252371916509
6 0.13697759249609173 0.7109013282732447 0.032756644085461174 0.050151802656546486
0 0.38971339239187075 0.8586337760910816 0.029030745179781138 0.05556925996204934
0 0.3751954142782699 0.802381404174573 0.0372225117248567 0.06505692599620493
0 0.8199947889525795 0.7054743833017079 0.026055237102657634 0.04743833017077799
2 0.13623189161021365 0.7224184060721063 0.2992631578947368 0.28191935483870967 0.36923970818134444 0.2832741935483871 0.36700677436164664 0.2602333965844402 0.30596300156331424 0.25887760910815943 0.3007519541427827 0.12740607210626187 0.2843741532047942 0.12605028462998102 0.2895852006253257 0.27243168880455404 0.12953152683689423 0.7102191650853891
1 0.9640437727983324 0.587561669829222 0.047644606565919755 0.5543548387096774
5 0.5021208963001563 0.5902656546489563 0.35211568525273584 0.635673624288425