4 0.49947889525794686 0.5868945868945868 0.7529963522668056 0.6970560303893637
3 0.8900468994267848 0.9425451092117759 0.07920792079207921 0.11301044634377967
3 0.10812923397602918 0.21462488129154797 0.05158936946326212 0.0949667616334283
3 0.10865033871808233 0.9501424501424501 0.05263157894736842 0.09401709401709402
6 0.31787389265242316 0.3214624881291548 0.026055237102657634 0.04843304843304843
3 0.49973944762897343 0.20085470085470086 0.041688379364252216 0.07502374169040836
0 0.25586242834809797 0.6282051282051282 0.028139656070870246 0.05982905982905983
5 0.9609171443460135 0.06552706552706553 0.07191245440333507 0.12535612535612536
3 0.49947889525794686 0.9658119658119658 0.04325169359041167 0.06647673314339982
0 0.8572173006774362 0.8461538461538461 0.0385617509119333 0.05887939221272555
3 0.8918707660239709 0.2174738841405508 0.05263157894736842 0.09876543209876543
2 0.3260625325690464 0.3310265906932574 0.27171912454403335 0.5942203228869896 0.23970818134445024 0.7922943969610636 0.2225862428348098 0.7787274453941121 0.253107868681605 0.6159268755935423 0.2181193329859302 0.5779401709401709 0.2248196977592496 0.5508072174738842 0.26055237102657636 0.5698005698005698 0.3119181865554977 0.32017378917378914