4 0.4966128191766545 0.5915559772296015 0.7608129233976029 0.6992409867172675
3 0.890568004168838 0.9397533206831119 0.06774361646690985 0.11859582542694497
3 0.5005211047420531 0.2030360531309298 0.05054715997915581 0.09867172675521822
3 0.8916102136529442 0.22343453510436434 0.06565919749869724 0.11859582542694497
3 0.1133402813965607 0.2243833017077799 0.07972902553413236 0.14516129032258066
3 0.10865033871808233 0.9407020872865275 0.06618030224075039 0.11669829222011385
0 0.5471599791558103 0.8515180265654649 0.03647733194372069 0.055977229601518026
3 0.4989577905158937 0.956831119544592 0.060969254820218866 0.08444022770398482
0 0.17769671704012507 0.2675521821631879 0.031266284523189164 0.05502846299810247
0 0.6498176133402814 0.829696394686907 0.031266284523189164 0.055977229601518026
0 0.8009379885356956 0.6000948766603416 0.028139656070870246 0.061669829222011384
0 0.3665971860343929 0.6921252371916509 0.033871808233454925 0.05977229601518026
0 0.6917665450755602 0.2637571157495256 0.030745179781136008 0.04933586337760911
0 0.2180823345492444 0.7993358633776091 0.03595622720166754 0.055977229601518026
5 0.9544033350703491 0.07020872865275142 0.0891089108910891 0.14041745730550284
6 0.22705054715997913 0.30089184060721064 0.03424179260031266 0.05421252371916509