4 0.48870360408821945 0.5848765432098766 0.6686390532544378 0.6512345679012346
3 0.14631522323830015 0.2366255144032922 0.06024744486282948 0.12139917695473251
3 0.8378160301237224 0.23919753086419754 0.055406132329209254 0.12037037037037036
3 0.14631522323830015 0.926954732510288 0.062399139322216246 0.10905349794238683
5 0.9644970414201184 0.09876543209876543 0.06670252824098978 0.12962962962962962
3 0.49273803119956966 0.23199588477366256 0.05379236148466918 0.10390946502057613
3 0.8375470683162991 0.9243827160493827 0.06347498655190963 0.12242798353909465
0 0.7261968800430338 0.34516460905349794 0.031199569661108123 0.050411522633744855
0 0.2772996234534696 0.7458847736625515 0.0328133405056482 0.06378600823045268
0 0.535771920387305 0.4747942386831276 0.02474448628294782 0.04835390946502058
3 0.493006993006993 0.9362139917695473 0.05110274341043572 0.10082304526748971
0 0.5927918235610543 0.73559670781893 0.02689618074233459 0.059670781893004114
0 0.6070467993544917 0.4506172839506173 0.027434104357181282 0.047325102880658436
0 0.33969876277568584 0.6090534979423868 0.0328133405056482 0.053497942386831275
0 0.34077461000537923 0.6697530864197531 0.0328133405056482 0.06584362139917696
0 0.5091447014523938 0.4058641975308642 0.03066164604626143 0.046296296296296294
0 0.1769768692845616 0.779835390946502 0.03012372243141474 0.05761316872427984
0 0.16729424421732114 0.3852880658436214 0.03442711135018827 0.05246913580246913
6 0.7974717590102205 0.6759259259259259 0.027434104357181282 0.04938271604938271
0 0.19835933297471758 0.7799691358024692 0.029585798816568046 0.07330246913580248