4 0.49947889525794686 0.5897435897435898 0.7623762376237624 0.7008547008547008
3 0.8908285565398645 0.22032288698955366 0.06305367378843148 0.1291547958214625
3 0.8877019280875456 0.9392212725546059 0.07034914017717561 0.11965811965811966
3 0.10917144346013549 0.9425451092117759 0.07972902553413236 0.11301044634377967
3 0.11203751954142782 0.2198480531813865 0.07399687337154769 0.13580246913580246
5 0.9601354872329338 0.07169990503323836 0.07868681605002606 0.14339981006647673
3 0.5002605523710266 0.20892687559354226 0.061490359562272015 0.11396011396011396
6 0.8525273579989577 0.7326685660018993 0.031266284523189164 0.057929724596391265
3 0.49973944762897343 0.9572649572649573 0.061490359562272015 0.0835707502374169
0 0.7313705054715998 0.3936372269705603 0.03178738926524231 0.05982905982905983
0 0.45440333507034913 0.29534662867996203 0.03543512245961438 0.055080721747388414
0 0.15997915581031788 0.5593542260208927 0.02709744658676394 0.04938271604938271
0 0.6667535174570088 0.694681861348528 0.0286607608129234 0.057929724596391265
0 0.14252214695153725 0.7659069325735992 0.026576341844710787 0.050332383665717
0 0.2180823345492444 0.30246913580246915 0.03282959874934862 0.057929724596391265
0 0.1331422615945805 0.3575498575498576 0.027618551328817093 0.057929724596391265
0 0.6138613861386139 0.4838556505223172 0.03335070349140177 0.057929724596391265
0 0.2782699322563835 0.8798670465337132 0.028139656070870246 0.04843304843304843
0 0.7407503908285565 0.49572649572649574 0.027618551328817093 0.04748338081671415
0 0.2751433038040646 0.2972459639126306 0.026055237102657634 0.045584045584045586
0 0.4619593538301199 0.5527065527065527 0.020323084940072955 0.04748338081671415
0 0.19838978634705576 0.2631908831908832 0.030521104742053152 0.06240265906932573