4 0.49085529854760623 0.581275720164609 0.6686390532544378 0.6460905349794238
3 0.14792899408284024 0.23765432098765432 0.062399139322216246 0.11934156378600823
3 0.8375470683162991 0.926954732510288 0.06132329209252286 0.11728395061728394
3 0.493006993006993 0.23199588477366256 0.05325443786982249 0.10596707818930041
3 0.14604626143087682 0.9238683127572016 0.06831629908552986 0.12139917695473251
3 0.8375470683162991 0.23765432098765432 0.05917159763313609 0.12551440329218108
5 0.9647660032275417 0.09876543209876543 0.06831629908552986 0.12962962962962962
3 0.49273803119956966 0.9351851851851852 0.052716514254975796 0.10699588477366255
0 0.7264658418504573 0.34516460905349794 0.029585798816568046 0.050411522633744855
0 0.2315761161915008 0.8816872427983539 0.03388918773534158 0.047325102880658436
0 0.592522861753631 0.7330246913580247 0.027434104357181282 0.06481481481481481
0 0.1968800430338892 0.7870370370370371 0.0322754168908015 0.051440329218107
0 0.42630446476600325 0.37191358024691357 0.0328133405056482 0.05246913580246913
0 0.278375470683163 0.3245884773662551 0.029585798816568046 0.05246913580246913
0 0.606508875739645 0.45164609053497945 0.028509951586874662 0.053497942386831275
0 0.3388918773534158 0.6095679012345679 0.0322754168908015 0.05246913580246913
0 0.6511565357719203 0.654835390946502 0.028509951586874662 0.056584362139917695
0 0.3410435718128026 0.6712962962962963 0.027972027972027972 0.050411522633744855
0 0.1670252824098978 0.38271604938271603 0.03496503496503497 0.053497942386831275
0 0.5365788058095751 0.4737654320987654 0.025282409897794515 0.050411522633744855
0 0.3353953738569123 0.720164609053498 0.03066164604626143 0.053497942386831275
6 0.26304464766003227 0.5997942386831275 0.0322754168908015 0.04938271604938271
0 0.29417966648735877 0.29257201646090536 0.0342926304464766 0.07073045267489712