4 0.499254820218864 0.584653371320038 0.7617821782178217 0.6901329534662868
3 0.10865033871808233 0.21652421652421652 0.06618030224075039 0.13485280151946819
3 0.11203751954142782 0.9425451092117759 0.07920792079207921 0.11301044634377967
3 0.8913496612819176 0.9434947768281101 0.07556018759770713 0.1111111111111111
3 0.8916102136529442 0.2174738841405508 0.05627931214174049 0.100664767331434
1 0.9616988014590933 0.5849952516619183 0.03908285565398645 0.5527065527065527
5 0.9590932777488275 0.06362773029439696 0.06930693069306931 0.11965811965811966
0 0.7842626367899947 0.32573599240265905 0.02501302761855133 0.04748338081671415
6 0.20349140177175612 0.2754036087369421 0.0286607608129234 0.05318138651471985
3 0.49973944762897343 0.20085470085470086 0.041688379364252216 0.07502374169040836
0 0.24648254299114122 0.8352326685660019 0.02918186555497655 0.05413105413105413
0 0.2501302761855133 0.6244064577397911 0.02918186555497655 0.052231718898385564
0 0.30198019801980197 0.8789173789173789 0.0286607608129234 0.05413105413105413
0 0.856696195935383 0.8485280151946819 0.034392912975508075 0.05413105413105413
3 0.49947889525794686 0.9639126305792972 0.047420531526836895 0.07027540360873694
2 0.20620844189682125 0.2889705603038936 0.7556018759770714 0.34459354226020894 0.7570906722251173 0.39343399810066476 0.7734684731631059 0.3907207977207977 0.7690015633142261 0.3459506172839506 0.8523783220427306 0.3337407407407407 0.847911933298593 0.30660683760683766 0.7623017196456487 0.3188167141500475 0.20620844189682125 0.2618366571699905