4 0.4986972381448671 0.5849952516619183 0.7587285044293903 0.6951566951566952
3 0.8908285565398645 0.9434947768281101 0.07660239708181345 0.1111111111111111
3 0.10812923397602918 0.2207977207977208 0.08077123501823867 0.14339981006647673
3 0.49947889525794686 0.20797720797720798 0.07243355914538822 0.10826210826210826
5 0.9614382490880667 0.06742640075973409 0.0760812923397603 0.13485280151946819
0 0.45883272537780095 0.4700854700854701 0.033871808233454925 0.05698005698005698
3 0.49973944762897343 0.9548907882241215 0.06565919749869724 0.08831908831908832
6 0.8014590932777488 0.7801519468186134 0.028139656070870246 0.04843304843304843
0 0.7282438770192808 0.7825261158594492 0.03178738926524231 0.04748338081671415
0 0.30354351224596143 0.2630579297245964 0.03491401771756123 0.06837606837606838
0 0.399166232412715 0.5289648622981956 0.03751954142782699 0.06457739791073125
0 0.18368942157373633 0.49382716049382713 0.03804064616988015 0.06837606837606838
0 0.7384054194893174 0.8247863247863247 0.026055237102657634 0.04653371320037987
0 0.39499739447628973 0.704653371320038 0.0385617509119333 0.05887939221272555
3 0.10865033871808233 0.9515669515669516 0.05263157894736842 0.09306742640075974
0 0.3543512245961438 0.8822412155745489 0.030224075039082855 0.05698005698005698
0 0.8569567483064096 0.6144349477682811 0.030745179781136008 0.05698005698005698
3 0.8903074517978113 0.2184235517568851 0.06305367378843148 0.13295346628679963