4 0.492200107584723 0.5852674897119341 0.6724045185583647 0.6499485596707819
3 0.8364712210866057 0.9223251028806584 0.0656266810112964 0.1286008230452675
3 0.4935449166218397 0.9295267489711934 0.06293706293706294 0.10802469135802469
3 0.8375470683162991 0.23919753086419754 0.05917159763313609 0.11625514403292181
3 0.14631522323830015 0.9223251028806584 0.0656266810112964 0.12448559670781893
3 0.14766003227541688 0.2412551440329218 0.06078536847767617 0.11625514403292181
3 0.49273803119956966 0.2309670781893004 0.054868208714362564 0.09979423868312758
5 0.9647660032275417 0.10030864197530864 0.06724045185583648 0.1286008230452675
1 0.02151694459386767 0.5823045267489712 0.04303388918773534 0.5102880658436214
0 0.3464228079612695 0.8580246913580247 0.03335126412049489 0.05761316872427984
0 0.2743410435718128 0.7386831275720165 0.03012372243141474 0.051440329218107
0 0.34158149542764926 0.6712962962962963 0.02689618074233459 0.04835390946502058
0 0.6573426573426573 0.37911522633744854 0.025820333512641205 0.05452674897119342
0 0.33942980096826253 0.6085390946502057 0.03012372243141474 0.050411522633744855
6 0.1769768692845616 0.43878600823045266 0.025820333512641205 0.046296296296296294
0 0.19768692845615923 0.7808641975308642 0.028509951586874662 0.047325102880658436
0 0.17650887573964497 0.7806069958847737 0.027568585260892953 0.05401234567901234
0 0.1664228079612695 0.3793724279835391 0.02891339429800968 0.05915637860082305
2 0.1808768154922001 0.43724279835390945 0.1849112426035503 0.720164609053498 0.1943249058633674 0.7407407407407407 0.22794513179128564 0.7600308641975309 0.22794513179128564 0.7677469135802469 0.1943249058633674 0.7600308641975309 0.1849112426035503 0.7741769547325102 0.171463152232383 0.9297839506172839 0.15599784830554062 0.9233539094650206 0.17213555675094136 0.7754629629629629 0.16272189349112426 0.73559670781893 0.17616998386229155 0.7124485596707819 0.17079074771382463 0.43209876543209874