4 0.4986972381448671 0.5878442545109211 0.7576862949452841 0.6951566951566952
3 0.8903074517978113 0.21937321937321938 0.0672225117248567 0.12535612535612536
3 0.10865033871808233 0.9425451092117759 0.08077123501823867 0.11301044634377967
3 0.11177696717040125 0.2198480531813865 0.07139134966128191 0.13770180436847104
3 0.8877019280875456 0.9373219373219374 0.07243355914538822 0.12345679012345678
3 0.5036477331943721 0.20750237416904083 0.06618030224075039 0.12060778727445394
5 0.9611776967170401 0.06837606837606838 0.07660239708181345 0.13675213675213677
3 0.4986972381448671 0.9501424501424501 0.06357477853048463 0.09781576448243115
0 0.27384054194893176 0.4211775878442545 0.03178738926524231 0.057929724596391265
0 0.27931214174048985 0.8798670465337132 0.03543512245961438 0.05982905982905983
0 0.6138613861386139 0.48243114909781576 0.031266284523189164 0.055080721747388414
0 0.45544554455445546 0.2962962962962963 0.03335070349140177 0.05318138651471985
0 0.14278269932256382 0.7649572649572649 0.030224075039082855 0.05413105413105413
0 0.28843147472642 0.28537511870845206 0.0286607608129234 0.04843304843304843
0 0.33350703491401773 0.6566951566951567 0.031266284523189164 0.05982905982905983
0 0.8449713392391871 0.7464387464387464 0.027618551328817093 0.05698005698005698
6 0.16831683168316833 0.2905982905982906 0.030224075039082855 0.04938271604938271
0 0.29144867118290774 0.3832573599240266 0.02307972902553413 0.06647673314339982