4 0.4958311620635748 0.5878442545109211 0.7592496091714435 0.6989553656220323
3 0.8910891089108911 0.22032288698955366 0.061490359562272015 0.13105413105413105
3 0.10917144346013549 0.9434947768281101 0.07972902553413236 0.1111111111111111
3 0.8884835852006253 0.9382716049382716 0.07087024491922876 0.12155745489078823
5 0.9585721730067743 0.07027540360873694 0.08077123501823867 0.14055080721747387
6 0.8522668056279312 0.7326685660018993 0.030745179781136008 0.0560303893637227
3 0.11203751954142782 0.2184235517568851 0.07399687337154769 0.13485280151946819
3 0.5 0.20655270655270655 0.06201146430432517 0.11490978157644824
3 0.49947889525794686 0.9558404558404558 0.06201146430432517 0.08641975308641975
0 0.7308494007295466 0.3936372269705603 0.03178738926524231 0.057929724596391265
0 0.6136008337675873 0.4819563152896486 0.027618551328817093 0.05413105413105413
0 0.46169880145909326 0.5484330484330484 0.028139656070870246 0.04843304843304843
0 0.4546638874413757 0.29534662867996203 0.033871808233454925 0.05318138651471985
0 0.15997915581031788 0.5584045584045584 0.02501302761855133 0.04748338081671415
0 0.1422615945805107 0.7644824311490979 0.026055237102657634 0.04938271604938271
1 0.9619593538301199 0.5868945868945868 0.04585721730067743 0.5546058879392213
0 0.1331422615945805 0.3575498575498576 0.027618551328817093 0.057929724596391265
0 0.21782178217821782 0.301994301994302 0.03230849400729546 0.05887939221272555
0 0.7404898384575299 0.49952516619183285 0.03647733194372069 0.060778727445394115
0 0.2782699322563835 0.8784425451092118 0.02501302761855133 0.04748338081671415
0 0.2751433038040646 0.2981956315289649 0.02501302761855133 0.045584045584045586
0 0.6654507556018759 0.6923076923076923 0.03230849400729546 0.05128205128205128
2 0.8523783220427306 0.7244605887939221 0.6848806670140699 0.6512003798670466 0.6156482542991142 0.5494501424501425 0.6052261594580511 0.563017094017094 0.6737139134966128 0.6634102564102564 0.6342589890568004 0.7475242165242165 0.6461698801459094 0.7638043684710351 0.683391870766024 0.676977207977208 0.8494007295466389 0.7461671415004749
0 0.19988014590932776 0.26590693257359926 0.02307972902553413 0.05426400759734093