4 0.5026055237102658 0.5859449192782527 0.7529963522668056 0.6894586894586895
3 0.10630536737884315 0.2174738841405508 0.07087024491922876 0.1291547958214625
3 0.8913496612819176 0.21937321937321938 0.06618030224075039 0.12725546058879392
3 0.8895257946847316 0.9411206077872745 0.07087024491922876 0.11585944919278253
3 0.10995310057321521 0.9373219373219374 0.08337675872850443 0.12345679012345678
3 0.4979155810317874 0.9510921177587844 0.06618030224075039 0.09591642924976258
5 0.9611776967170401 0.06837606837606838 0.07660239708181345 0.13675213675213677
6 0.6044815007816571 0.50997150997151 0.031266284523189164 0.060778727445394115
0 0.37832204273058884 0.4188034188034188 0.03647733194372069 0.05887939221272555
0 0.2894736842105263 0.28442545109211775 0.0286607608129234 0.04843304843304843
3 0.5039082855653987 0.20892687559354226 0.0573215216258468 0.11965811965811966
0 0.6268890046899427 0.7075023741690408 0.02918186555497655 0.05698005698005698
0 0.6221990620114644 0.46153846153846156 0.03230849400729546 0.055080721747388414
0 0.7480458572173007 0.48575498575498577 0.030745179781136008 0.05982905982905983
0 0.3671182907764461 0.5916429249762583 0.04325169359041167 0.06647673314339982
0 0.38264200104220947 0.48094017094017094 0.032756644085461174 0.07461538461538461