5 0.4986972381448671 0.5916429249762583 0.3449713392391871 0.6343779677113011
4 0.5041688379364252 0.5859449192782527 0.7696717040125065 0.6951566951566952
3 0.8892652423137051 0.9392212725546059 0.07972902553413236 0.11965811965811966
3 0.5 0.9548907882241215 0.05680041688379364 0.08831908831908832
3 0.8897863470557582 0.2117758784425451 0.07451797811360084 0.15004748338081672
5 0.960656591974987 0.06742640075973409 0.07347576862949452 0.12725546058879392
1 0.9619593538301199 0.5930674264007597 0.041688379364252216 0.5574548907882241
3 0.1122980719124544 0.22032288698955366 0.06513809275664409 0.13105413105413105
3 0.11099531005732152 0.9411206077872745 0.07087024491922876 0.11585944919278253
3 0.4992183428869203 0.21082621082621084 0.047941636268890045 0.13295346628679963
0 0.49196977592496094 0.24743589743589745 0.031365294424179256 0.04710351377018044
2 0.3475638353309015 0.7335574548907883 0.28295257946847313 0.9243912630579297 0.26735643564356437 0.9067967711301045 0.337166232412715 0.7051358024691359