4 0.5013027618551329 0.5887939221272555 0.7566440854611777 0.6989553656220323
3 0.10708702449192288 0.21652421652421652 0.068264721208963 0.12535612535612536
3 0.8916102136529442 0.2184235517568851 0.06253256904637833 0.12345679012345678
3 0.1112558624283481 0.9373219373219374 0.07972902553413236 0.12345679012345678
5 0.9614382490880667 0.06742640075973409 0.0760812923397603 0.13485280151946819
0 0.3785825951016154 0.4188034188034188 0.03595622720166754 0.05887939221272555
3 0.8884835852006253 0.936372269705603 0.07295466388744137 0.12345679012345678
3 0.49504950495049505 0.9401709401709402 0.06565919749869724 0.1177587844254511
0 0.2894736842105263 0.28347578347578345 0.0286607608129234 0.04843304843304843
3 0.5044293903074518 0.20845204178537513 0.06044815007816571 0.1225071225071225
6 0.49973944762897343 0.6490978157644824 0.031266284523189164 0.057929724596391265
0 0.7337154768108389 0.4734093067426401 0.030224075039082855 0.05982905982905983
0 0.36868160500260555 0.5949667616334283 0.03804064616988015 0.06742640075973409
0 0.6357477853048463 0.43304843304843305 0.030224075039082855 0.05318138651471985
0 0.3815216258467952 0.4748338081671415 0.03201146430432517 0.06240265906932573