4 0.4989577905158937 0.5891840607210627 0.7582073996873372 0.7020872865275142
3 0.8903074517978113 0.9397533206831119 0.068264721208963 0.11859582542694497
3 0.10865033871808233 0.9430740037950665 0.0672225117248567 0.11195445920303605
3 0.8913496612819176 0.22485768500948766 0.06618030224075039 0.12333965844402277
3 0.11255862428348098 0.222011385199241 0.0760812923397603 0.13851992409867173
3 0.49817613340281397 0.9558823529411765 0.06774361646690985 0.08633776091081594
3 0.5002605523710266 0.2030360531309298 0.05627931214174049 0.10246679316888045
6 0.8410630536737884 0.4108159392789374 0.030224075039082855 0.058823529411764705
0 0.5852006253256905 0.4478178368121442 0.02709744658676394 0.056925996204933584
0 0.49843668577384054 0.45635673624288425 0.026576341844710787 0.05313092979127135
0 0.8587806149035956 0.849146110056926 0.02709744658676394 0.04743833017077799
0 0.7232933819697759 0.5426944971537002 0.031266284523189164 0.058823529411764705
0 0.4856696195935383 0.5697343453510436 0.028139656070870246 0.04838709677419355
0 0.42470036477331946 0.6736242884250474 0.03335070349140177 0.056925996204933584
0 0.5961438249088067 0.9055977229601518 0.03543512245961438 0.05218216318785579
0 0.22199062011464304 0.33396584440227706 0.03230849400729546 0.05502846299810247
5 0.9559666492965087 0.07020872865275142 0.08702449192287649 0.14041745730550284