4 0.49973944762897343 0.5906072106261859 0.7597707139134966 0.6954459203036053
3 0.8903074517978113 0.9407020872865275 0.07034914017717561 0.11669829222011385
3 0.49817613340281397 0.9573055028462998 0.06982803543512246 0.08349146110056926
3 0.8918707660239709 0.22343453510436434 0.06618030224075039 0.12239089184060721
3 0.11255862428348098 0.222011385199241 0.0760812923397603 0.13851992409867173
3 0.10917144346013549 0.9430740037950665 0.068264721208963 0.11195445920303605
0 0.5852006253256905 0.4497153700189753 0.02918186555497655 0.06261859582542695
3 0.5007816571130798 0.2030360531309298 0.055237102657634186 0.10056925996204934
0 0.5784262636789995 0.9018026565464896 0.034392912975508075 0.054079696394686905
6 0.5177175612298072 0.6973434535104365 0.030745179781136008 0.051233396584440226
0 0.824127149557061 0.5298861480075902 0.0297029702970297 0.06546489563567362
0 0.42365815528921313 0.6726755218216319 0.02918186555497655 0.051233396584440226
0 0.640177175612298 0.9041745730550285 0.03178738926524231 0.051233396584440226
0 0.7055758207399687 0.5222960151802657 0.02709744658676394 0.05787476280834915
0 0.22199062011464304 0.33396584440227706 0.03230849400729546 0.056925996204933584
5 0.9564877540385618 0.07352941176470588 0.0859822824387702 0.14705882352941177