4 0.49973944762897343 0.5878442545109211 0.7597707139134966 0.6932573599240266
3 0.890568004168838 0.21937321937321938 0.06774361646690985 0.12535612535612536
3 0.8882230328295988 0.9411206077872745 0.07451797811360084 0.11585944919278253
3 0.10969254820218864 0.9425451092117759 0.07868681605002606 0.11301044634377967
3 0.1122980719124544 0.2198480531813865 0.07451797811360084 0.13580246913580246
3 0.5002605523710266 0.20750237416904083 0.06253256904637833 0.11301044634377967
5 0.9611776967170401 0.06837606837606838 0.07660239708181345 0.13675213675213677
3 0.49947889525794686 0.9558404558404558 0.06305367378843148 0.08641975308641975
6 0.2303282959874935 0.6832858499525166 0.03230849400729546 0.052231718898385564
0 0.45414278269932257 0.29534662867996203 0.033871808233454925 0.055080721747388414
0 0.15971860343929128 0.5593542260208927 0.026576341844710787 0.04938271604938271
0 0.14200104220948412 0.7635327635327636 0.024491922876498175 0.045584045584045586
0 0.6138613861386139 0.4829059829059829 0.030224075039082855 0.05413105413105413
0 0.21782178217821782 0.30246913580246915 0.034392912975508075 0.057929724596391265
0 0.1331422615945805 0.3570750237416904 0.027618551328817093 0.060778727445394115
0 0.8374153204794164 0.8926875593542261 0.03230849400729546 0.05318138651471985
0 0.2782699322563835 0.8784425451092118 0.02709744658676394 0.04748338081671415
0 0.2751433038040646 0.2972459639126306 0.026055237102657634 0.045584045584045586
0 0.19988014590932776 0.27132953466286797 0.03201146430432517 0.06240265906932573