4 0.5039082855653987 0.5882352941176471 0.7608129233976029 0.7001897533206831
3 0.10865033871808233 0.2215370018975332 0.07139134966128191 0.12428842504743833
3 0.5002605523710266 0.20208728652751423 0.05106826472120896 0.0967741935483871
3 0.10865033871808233 0.9454459203036053 0.06618030224075039 0.10721062618595825
3 0.49817613340281397 0.9549335863377609 0.06878582595101615 0.08823529411764706
3 0.892391870766024 0.22248576850094876 0.06513809275664409 0.12618595825426945
3 0.8910891089108911 0.9397533206831119 0.06565919749869724 0.11669829222011385
0 0.592235539343408 0.5028462998102466 0.03908285565398645 0.06451612903225806
6 0.8483585200625325 0.5351043643263758 0.03335070349140177 0.06072106261859583
0 0.8118811881188119 0.42267552182163187 0.031266284523189164 0.055977229601518026
0 0.7816571130797291 0.7518975332068312 0.03230849400729546 0.05977229601518026
5 0.9541427826993225 0.07115749525616698 0.09067222511724857 0.14231499051233396
1 0.9614382490880667 0.5863377609108159 0.04585721730067743 0.5540796963946869
0 0.5158936946326211 0.5915559772296015 0.031266284523189164 0.05218216318785579
2 0.4325169359041167 0.579696394686907 0.43147472642001045 0.5844402277039848 0.4346013548723293 0.5901328273244781 0.4986972381448671 0.5977229601518027 0.5054715997915581 0.611954459203036 0.5117248566961959 0.618595825426945 0.5299635226680562 0.6157495256166983 0.5346534653465347 0.6261859582542695 0.5330901511203752 0.6774193548387096 0.5372589890568004 0.6793168880455408 0.5398645127670662 0.674573055028463 0.5419489317352788 0.6309297912713473 0.5440333507034913 0.6233396584440227 0.552892131318395 0.6091081593927894 0.5534132360604481 0.603415559772296 0.5586242834809797 0.5986717267552182 0.829077644606566 0.5445920303605313 0.84627410109432 0.5464895635673624 0.8494007295466389 0.5531309297912713 0.8540906722251173 0.5483870967741935 0.8572173006774362 0.5341555977229602 0.8494007295466389 0.5180265654648957 0.8405419489317353 0.5170777988614801 0.8311620635747785 0.532258064516129 0.8249088066701407 0.5351043643263758 0.5643564356435643 0.5853889943074004 0.5549765502866076 0.5853889943074004 0.5445544554455446 0.5702087286527514 0.5252735799895779 0.573055028462998 0.5190203230849401 0.5673624288425048 0.5096404377279833 0.5683111954459203 0.5002605523710266 0.5853889943074004 0.4507556018759771 0.5787476280834914