4 0.4989577905158937 0.5878442545109211 0.7602918186555497 0.6970560303893637
3 0.8884835852006253 0.9354226020892688 0.07920792079207921 0.12725546058879392
3 0.8913496612819176 0.22174738841405509 0.06618030224075039 0.1282051282051282
3 0.10969254820218864 0.9392212725546059 0.07972902553413236 0.11965811965811966
3 0.10760812923397603 0.2184235517568851 0.07243355914538822 0.13105413105413105
3 0.4989577905158937 0.9472934472934473 0.06930693069306931 0.10351377018043685
5 0.9609171443460135 0.06837606837606838 0.0771235018238666 0.13675213675213677
3 0.5041688379364252 0.20655270655270655 0.060969254820218866 0.12060778727445394
0 0.3778009379885357 0.41975308641975306 0.03751954142782699 0.060778727445394115
0 0.29025534132360603 0.28347578347578345 0.028139656070870246 0.04843304843304843
0 0.7342365815528922 0.47198480531813863 0.030224075039082855 0.05698005698005698
6 0.41010943199583116 0.8760683760683761 0.03751954142782699 0.05413105413105413
0 0.3678999478895258 0.5978157644824311 0.0385617509119333 0.06742640075973409
0 0.383381969775925 0.4789078822412156 0.03871287128712872 0.0705508072174739