4 0.5 0.5878442545109211 0.7592496091714435 0.6989553656220323
3 0.4992183428869203 0.9572649572649573 0.06461698801459093 0.0835707502374169
3 0.49973944762897343 0.20085470085470086 0.041688379364252216 0.07502374169040836
3 0.10865033871808233 0.21557454890788225 0.05263157894736842 0.09686609686609686
5 0.9603960396039604 0.06837606837606838 0.0760812923397603 0.13675213675213677
0 0.5992704533611256 0.4905033238366572 0.022928608650338717 0.042735042735042736
0 0.4768108389786347 0.8551756885090218 0.028139656070870246 0.050332383665717
0 0.6711829077644607 0.5465337132003799 0.023970818134445022 0.042735042735042736
0 0.6349661281917666 0.399335232668566 0.02344971339239187 0.04653371320037987
0 0.4007295466388744 0.42070275403608737 0.02501302761855133 0.04748338081671415
3 0.8897863470557582 0.9425451092117759 0.07556018759770713 0.11301044634377967
0 0.5620114643043251 0.8091168091168092 0.0286607608129234 0.05128205128205128
0 0.5914538822303282 0.8836657169990503 0.031266284523189164 0.0560303893637227
0 0.6818655549765503 0.3637226970560304 0.024491922876498175 0.045584045584045586
0 0.5534132360604481 0.28347578347578345 0.023970818134445022 0.04653371320037987
6 0.679520583637311 0.5859449192782527 0.02709744658676394 0.04748338081671415
3 0.10812923397602918 0.9510921177587844 0.05158936946326212 0.09211775878442545
0 0.6552892131318395 0.30816714150047486 0.02344971339239187 0.0446343779677113
0 0.4439812402292861 0.8433048433048433 0.03230849400729546 0.05318138651471985
0 0.7808754559666493 0.3812915479582146 0.026576341844710787 0.050332383665717
3 0.8918707660239709 0.21937321937321938 0.05263157894736842 0.10826210826210826