4 0.49973944762897343 0.5906072106261859 0.7587285044293903 0.7011385199240987
3 0.890568004168838 0.9407020872865275 0.06774361646690985 0.11669829222011385
3 0.49817613340281397 0.9539848197343453 0.06774361646690985 0.09013282732447818
3 0.10838978634705576 0.2215370018975332 0.07087024491922876 0.12428842504743833
3 0.5007816571130798 0.20161290322580644 0.053152683689421575 0.09962049335863378
3 0.8921313183949974 0.22248576850094876 0.06565919749869724 0.12428842504743833
3 0.10812923397602918 0.9463946869070209 0.06618030224075039 0.10531309297912714
6 0.3071912454403335 0.5872865275142315 0.033871808233454925 0.05502846299810247
0 0.6889004689942678 0.5645161290322581 0.02501302761855133 0.04554079696394687
1 0.9619593538301199 0.5915559772296015 0.04377279833246483 0.5569259962049335
0 0.7107868681605003 0.6304554079696395 0.023970818134445022 0.046489563567362426
0 0.7120896300156332 0.5426944971537002 0.027618551328817093 0.04933586337760911
0 0.7506513809275664 0.5849146110056926 0.02553413236060448 0.04459203036053131
5 0.9559666492965087 0.06925996204933586 0.08702449192287649 0.13851992409867173
2 0.31021365294424175 0.5970977229601518 0.6524439812402293 0.566376660341556 0.6853256904637832 0.6683870967741936 0.7026321000521105 0.6506631878557875 0.6719134966128192 0.5561356736242885 0.7381099531005733 0.4860284629981025 0.7264283480979677 0.4655474383301708 0.6585013027618551 0.536443074003795 0.31021365294424175 0.566376660341556
0 0.7304273058884836 0.5624003795066413 0.025924960917144347 0.044535104364326374
0 0.6915424700364773 0.6072675521821631 0.021907243355914537 0.03988614800759013
0 0.6710943199583116 0.5851612903225807 0.02774882751433038 0.056840607210626184
0 0.7099791558103179 0.5855028462998102 0.025924960917144347 0.04221062618595826
0 0.7307034914017718 0.6064421252371917 0.02464825429911412 0.04021821631878558