4 0.49817613340281397 0.5868945868945868 0.7545596664929651 0.6989553656220323
6 0.7511724856696196 0.5180436847103513 0.027618551328817093 0.05413105413105413
3 0.5015633142261594 0.9501424501424501 0.06201146430432517 0.09781576448243115
0 0.37545596664929654 0.8817663817663818 0.022407503908285567 0.0446343779677113
5 0.9601354872329338 0.0641025641025641 0.07139134966128191 0.1225071225071225
3 0.10812923397602918 0.9510921177587844 0.05158936946326212 0.09401709401709402
3 0.8921313183949974 0.2184235517568851 0.053152683689421575 0.100664767331434
3 0.10865033871808233 0.21462488129154797 0.05263157894736842 0.0949667616334283
3 0.8918707660239709 0.9525166191832859 0.05263157894736842 0.09306742640075974
3 0.49973944762897343 0.20085470085470086 0.04273058884835852 0.0788224121557455
2 0.7533684210526316 0.5318138651471985 0.40571704012506515 0.8723371320037987 0.41837258989056797 0.9293171889838556 0.4086951537258989 0.9388138651471986 0.39380614903595623 0.8845479582146248 0.3052183428869203 0.9537378917378917 0.2992631578947368 0.9333874643874643 0.7436909848879625 0.5060370370370371