4 0.4989577905158937 0.5872865275142315 0.7592496091714435 0.6963946869070209
3 0.8916102136529442 0.22343453510436434 0.06565919749869724 0.11859582542694497
3 0.10891089108910891 0.9430740037950665 0.06982803543512246 0.11195445920303605
3 0.8908285565398645 0.9388045540796964 0.06513809275664409 0.1204933586337761
3 0.10838978634705576 0.2215370018975332 0.06982803543512246 0.12428842504743833
3 0.4989577905158937 0.956831119544592 0.0672225117248567 0.08444022770398482
3 0.5013027618551329 0.20635673624288425 0.061490359562272015 0.10341555977229601
6 0.4098488796248046 0.3382352941176471 0.03282959874934862 0.05787476280834915
0 0.38952579468473164 0.853415559772296 0.0286607608129234 0.05218216318785579
0 0.8071912454403335 0.650853889943074 0.02918186555497655 0.06451612903225806
0 0.8189161021365294 0.7063567362428842 0.0286607608129234 0.05028462998102467
5 0.9562272016675352 0.06925996204933586 0.08650338718082334 0.13851992409867173