4 0.5013757165190204 0.588119658119658 0.7600677436164669 0.6932573599240266
3 0.1068264721208963 0.21909781576448245 0.07369984366857739 0.12887939221272554
3 0.5077071391349661 0.2082526115859449 0.061042209484106304 0.12074074074074075
3 0.890343929129755 0.22113960113960116 0.06699843668577384 0.12753086419753085
3 0.8918342886920271 0.9341310541310541 0.08933298593017197 0.1317283950617284
3 0.495794684731631 0.9402374169040836 0.06253256904637833 0.11952516619183286
3 0.10906201146430432 0.9375213675213676 0.0945440333507035 0.1249477682811016
0 0.29070349140177176 0.28354226020892687 0.029030745179781138 0.04884140550807217
0 0.6986555497655029 0.2794681861348528 0.03201146430432517 0.059696106362773026
5 0.9615476810838979 0.06783475783475784 0.07689942678478374 0.13566951566951568
0 0.616018759770714 0.4829724596391263 0.03201146430432517 0.05426400759734093
0 0.3837571651902032 0.4158214624881292 0.03350182386659719 0.05833808167141501
0 0.383381969775925 0.47347578347578345 0.031266284523189164 0.06783475783475784
0 0.3722199062011464 0.5908262108262108 0.0372225117248567 0.06376068376068376
6 0.44964043772798334 0.27471984805318134 0.029775924960917143 0.0501994301994302
0 0.49877019280875456 0.7780531813865147 0.02829077644606566 0.06105413105413106