4 0.5 0.5878442545109211 0.7582073996873372 0.6951566951566952
3 0.8892652423137051 0.9344729344729344 0.07972902553413236 0.1291547958214625
3 0.10630536737884315 0.2174738841405508 0.07087024491922876 0.1291547958214625
3 0.890568004168838 0.2207977207977208 0.06774361646690985 0.12630579297245964
3 0.10943199583116206 0.9373219373219374 0.08337675872850443 0.12345679012345678
3 0.49504950495049505 0.9382716049382716 0.061490359562272015 0.12155745489078823
3 0.5059927045336112 0.20750237416904083 0.061490359562272015 0.1225071225071225
6 0.4491922876498176 0.27350427350427353 0.030224075039082855 0.05128205128205128
5 0.960656591974987 0.06837606837606838 0.07764460656591975 0.13675213675213677
0 0.3791036998436686 0.4188034188034188 0.03491401771756123 0.05887939221272555
0 0.29025534132360603 0.28347578347578345 0.028139656070870246 0.04843304843304843
0 0.3678999478895258 0.5911680911680912 0.04064616988014591 0.06362773029439696
0 0.49843668577384054 0.775403608736942 0.027618551328817093 0.06172839506172839
0 0.6141219385096405 0.4829059829059829 0.03178738926524231 0.05413105413105413
0 0.6985409067222512 0.28062678062678065 0.03178738926524231 0.05413105413105413
0 0.14255862428348098 0.7699050332383666 0.030521104742053152 0.055622032288698955