0 0.16340281396560707 0.2631908831908832 0.02754559666492965 0.043409306742640076
0 0.21104742053152684 0.26658119658119656 0.026055237102657634 0.04748338081671415
3 0.11240750390828556 0.21909781576448245 0.053600833767587286 0.09904083570750238
3 0.8888535695674831 0.9435612535612536 0.055085982282438765 0.10174738841405508
3 0.5002605523710266 0.9653371320037987 0.043178738926524234 0.06932573599240266
3 0.11144867118290777 0.9476923076923076 0.05154247003647733 0.09243114909781576
3 0.8891610213652944 0.21501424501424501 0.05175612298071912 0.09643874643874643
3 0.499755080771235 0.19954415954415955 0.04052631578947368 0.07402659069325736
0 0.4116206357477853 0.5049857549857549 0.023725898905680044 0.04391263057929725
0 0.3647472642001042 0.30877492877492874 0.022720166753517457 0.04434947768281102
0 0.5756852527357998 0.41021842355175686 0.023027618551328816 0.04415954415954416
0 0.7612298071912454 0.2640645773979107 0.023069306930693072 0.04204178537511871
0 0.6845700885878062 0.5307977207977207 0.022980719124544035 0.0427730294396961
0 0.4709484106305367 0.6251187084520418 0.023470557582073996 0.04365622032288699
0 0.714283480979677 0.6593447293447293 0.026055237102657634 0.05698005698005698
0 0.5430640958832725 0.7705887939221272 0.03647733194372069 0.04884140550807217
4 0.49914538822303284 0.5826875593542261 0.7541115164147995 0.6851187084520417
0 0.7161490359562271 0.8696201329534663 0.02829077644606566 0.059696106362773026
6 0.5620479416362688 0.6566286799620132 0.029775924960917143 0.06240265906932573
5 0.9569723814486712 0.06580246913580247 0.06774361646690985 0.12074074074074075