4 0.4995153725898906 0.5868785578747628 0.7593225638353309 0.6966698292220114
3 0.11203751954142782 0.2236337760910816 0.08114121938509641 0.13011385199240985
3 0.5010057321521626 0.20601518026565463 0.06848879624804587 0.10572106261859583
3 0.8929494528400208 0.2243168880455408 0.06625325690463783 0.12605313092979128
3 0.8892287649817614 0.939146110056926 0.06178738926524231 0.12171726755218215
3 0.4972850442939031 0.9581214421252372 0.07146430432516936 0.08376660341555978
3 0.11017717561229808 0.9371062618595826 0.07295466388744137 0.12577798861480075
5 0.9570818134445024 0.07387096774193548 0.08583116206357479 0.14773244781783682
0 0.7496404377279833 0.4194876660341556 0.02829077644606566 0.06641366223908918
0 0.7835226680562792 0.7535863377609108 0.03201146430432517 0.05421252371916509
6 0.5866180302240751 0.8220398481973434 0.032756644085461174 0.050151802656546486
0 0.4954247003647733 0.7149620493358634 0.029030745179781138 0.05556925996204934
0 0.6379833246482542 0.4920018975332069 0.0372225117248567 0.06505692599620493
0 0.8415841584158416 0.3313851992409867 0.026055237102657634 0.04743833017077799