4 0.4989577905158937 0.5859449192782527 0.7582073996873372 0.6970560303893637
3 0.10838978634705576 0.9373219373219374 0.09379885356956748 0.12345679012345678
3 0.1068264721208963 0.21652421652421652 0.06982803543512246 0.12725546058879392
3 0.8908285565398645 0.9344729344729344 0.0891089108910891 0.1291547958214625
3 0.8908285565398645 0.21937321937321938 0.06618030224075039 0.12725546058879392
3 0.5065138092756644 0.20655270655270655 0.06044815007816571 0.12060778727445394
3 0.4953100573215216 0.9401709401709402 0.06201146430432517 0.1177587844254511
0 0.6360083376758728 0.43399810066476735 0.03178738926524231 0.04938271604938271
5 0.9614382490880667 0.06837606837606838 0.0760812923397603 0.13675213675213677
0 0.37832204273058884 0.4178537511870845 0.0385617509119333 0.06267806267806268
0 0.29025534132360603 0.28347578347578345 0.028139656070870246 0.04843304843304843
0 0.36633663366336633 0.5930674264007597 0.044815007816571134 0.06742640075973409
1 0.9619593538301199 0.5887939221272555 0.04585721730067743 0.5508072174738842
6 0.4989577905158937 0.6481481481481481 0.0286607608129234 0.057929724596391265
0 0.7339760291818656 0.47293447293447294 0.03178738926524231 0.05887939221272555
0 0.3815216258467952 0.4768660968660969 0.03945284002084418 0.05833808167141501
2 0.5039828035435122 0.6566277302943969 0.626814486711829 0.49111396011396014 0.6975356956748306 0.5291006647673314 0.7012579468473162 0.49382716049382713 0.6417034914017719 0.4571975308641975 0.6632918186555498 0.3120332383665717 0.6446810838978635 0.30660683760683766 0.6230922355393433 0.46533713200379867 0.5002605523710266 0.6308509021842355