4 0.49765502866076083 0.5882352941176471 0.7691505992704534 0.698292220113852
3 0.10917144346013549 0.9397533206831119 0.06930693069306931 0.11859582542694497
3 0.8908285565398645 0.2215370018975332 0.07139134966128191 0.12808349146110057
3 0.890568004168838 0.9421252371916509 0.06774361646690985 0.11385199240986717
3 0.5013027618551329 0.2030360531309298 0.055237102657634186 0.09867172675521822
0 0.45831162063574776 0.5787476280834914 0.03804064616988015 0.06261859582542695
3 0.49817613340281397 0.952561669829222 0.06878582595101615 0.09297912713472485
3 0.10838978634705576 0.22011385199240988 0.07087024491922876 0.12903225806451613
0 0.7535174570088587 0.5147058823529411 0.031266284523189164 0.05787476280834915
0 0.7902553413236061 0.32732447817836813 0.030745179781136008 0.056925996204933584
0 0.4799374674309536 0.4715370018975332 0.03335070349140177 0.06261859582542695
6 0.4445023449713392 0.38377609108159394 0.034392912975508075 0.05787476280834915
1 0.9619593538301199 0.5863377609108159 0.04689942678478374 0.5540796963946869
5 0.9546638874413758 0.06925996204933586 0.08963001563314227 0.13851992409867173
0 0.14252214695153725 0.7604364326375711 0.03282959874934862 0.055977229601518026
2 0.43564356435643564 0.3795066413662239 0.4351224596143825 0.38804554079696396 0.43877019280875457 0.3984819734345351 0.4450234497133924 0.40417457305502846 0.45023449713392394 0.40417457305502846 0.45492443981240227 0.40037950664136623 0.45961438249088066 0.3908918406072106 0.4679520583637311 0.38804554079696396 0.7649817613340282 0.3747628083491461 0.7707139134966128 0.3766603415559772 0.7759249609171444 0.38804554079696396 0.7826993225638353 0.3937381404174573 0.7926003126628453 0.3918406072106262 0.7988535695674831 0.38235294117647056 0.8030224075039083 0.38045540796963945 0.8556539864512767 0.40227703984819735 0.8650338718082334 0.40417457305502846 0.8676393955184992 0.40037950664136623 0.863470557582074 0.3918406072106262 0.8275143303804064 0.3795066413662239 0.8009379885356956 0.36527514231499053 0.79833246482543 0.35009487666034156 0.7993746743095362 0.34345351043643263 0.8030224075039083 0.3415559772296015 0.8045857217300677 0.3225806451612903 0.801980198019802 0.31024667931688804 0.7972902553413236 0.301707779886148 0.8009379885356956 0.2685009487666034 0.7988535695674831 0.25901328273244784 0.7946847316310578 0.2656546489563567 0.7905158936946326 0.29791271347248577 0.7837415320479416 0.3026565464895636 0.7774882751433038 0.31404174573055027 0.7759249609171444 0.33301707779886147 0.7769671704012506 0.3444022770398482 0.7696717040125065 0.3605313092979127 0.7649817613340282 0.3633776091081594 0.49088066701406985 0.3766603415559772 0.46221990620114645 0.3766603415559772 0.4533611255862428 0.36432637571157495 0.44293903074517976 0.3633776091081594 0.4392912975508077 0.36527514231499053