4 0.4911242603550296 0.5848765432098766 0.6734803657880581 0.6491769547325102
3 0.835933297471759 0.9223251028806584 0.064550833781603 0.1286008230452675
3 0.49327595481441633 0.9295267489711934 0.062399139322216246 0.10802469135802469
3 0.14766003227541688 0.2412551440329218 0.06293706293706294 0.12448559670781893
3 0.8375470683162991 0.23919753086419754 0.05917159763313609 0.11625514403292181
3 0.14523937600860679 0.9233539094650206 0.07100591715976332 0.12037037037037036
3 0.4919311457772996 0.2309670781893004 0.055406132329209254 0.09979423868312758
5 0.9644970414201184 0.09876543209876543 0.06670252824098978 0.12757201646090535
0 0.3464228079612695 0.8580246913580247 0.03335126412049489 0.05761316872427984
0 0.1689080150618612 0.3863168724279835 0.03657880580957504 0.05452674897119342
6 0.17751479289940827 0.4398148148148148 0.031199569661108123 0.04835390946502058
0 0.27514792899408286 0.7402263374485597 0.03066164604626143 0.05246913580246913
0 0.6573426573426573 0.37911522633744854 0.025820333512641205 0.05452674897119342
0 0.34158149542764926 0.6712962962962963 0.02689618074233459 0.04835390946502058
0 0.1769768692845616 0.7808641975308642 0.027972027972027972 0.047325102880658436
0 0.33916083916083917 0.6080246913580247 0.029585798816568046 0.04938271604938271
0 0.19903173749327596 0.7761111111111111 0.02420656266810113 0.06301440329218107