4 0.5010057321521626 0.5867616334283001 0.7578374153204794 0.6932573599240266
3 0.8907191245440333 0.9409211775878442 0.07667535174570088 0.11815764482431149
3 0.5013757165190204 0.9585565052231719 0.060297029702970295 0.08289648622981957
6 0.7623032829598749 0.6688414055080721 0.032756644085461174 0.05426400759734093
0 0.6234653465346535 0.44362773029439695 0.024564877540385617 0.04884140550807217
0 0.5694945284002084 0.4531339031339031 0.02829077644606566 0.05426400759734093
3 0.10894736842105263 0.9512535612535612 0.05203230849400729 0.09071225071225071
3 0.499755080771235 0.200664767331434 0.040771235018238663 0.07358024691358026
3 0.10797290255341323 0.21501424501424501 0.05154247003647733 0.09104463437796771
3 0.8906253256904637 0.21778727445394114 0.050995310057321525 0.09465337132003798
0 0.3935539343408025 0.5913010446343779 0.024137571651902032 0.044938271604938275
0 0.14702970297029702 0.7305698005698006 0.030521104742053152 0.052905982905982904
0 0.6029911412193851 0.8126400759734094 0.031266284523189164 0.04884140550807217
5 0.9608077123501824 0.06444444444444444 0.07838457529963522 0.12887939221272554
0 0.5687910369984367 0.3679012345679012 0.030640958832725378 0.0540360873694207