4 0.5026055237102658 0.5882352941176471 0.7613340281396561 0.698292220113852
3 0.8903074517978113 0.9397533206831119 0.06930693069306931 0.11859582542694497
3 0.10865033871808233 0.2215370018975332 0.07243355914538822 0.12618595825426945
3 0.4986972381448671 0.9573055028462998 0.07399687337154769 0.08349146110056926
3 0.10969254820218864 0.9421252371916509 0.06930693069306931 0.11385199240986717
3 0.8918707660239709 0.22343453510436434 0.0672225117248567 0.12239089184060721
3 0.5005211047420531 0.20635673624288425 0.05471599791558103 0.09772296015180265
6 0.689421573736321 0.5602466793168881 0.03230849400729546 0.05787476280834915
0 0.6313183949973945 0.8111954459203036 0.03178738926524231 0.056925996204933584
0 0.6302761855132881 0.8946869070208728 0.03491401771756123 0.04933586337760911
5 0.9564877540385618 0.0730550284629981 0.0859822824387702 0.1461100569259962