4 0.5002605523710266 0.5849952516619183 0.7597707139134966 0.6875593542260209
3 0.10630536737884315 0.2174738841405508 0.07087024491922876 0.1291547958214625
3 0.890568004168838 0.21937321937321938 0.06774361646690985 0.12535612535612536
3 0.8884835852006253 0.9411206077872745 0.07295466388744137 0.11585944919278253
3 0.10995310057321521 0.9373219373219374 0.08233454924439812 0.12345679012345678
6 0.49504950495049505 0.7160493827160493 0.03230849400729546 0.055080721747388414
5 0.9611776967170401 0.06742640075973409 0.07660239708181345 0.13485280151946819
3 0.49765502866076083 0.9501424501424501 0.06565919749869724 0.09781576448243115
0 0.37884314747264203 0.4202279202279202 0.03751954142782699 0.05982905982905983
3 0.504950495049505 0.20892687559354226 0.06044815007816571 0.11965811965811966
0 0.2894736842105263 0.28347578347578345 0.0286607608129234 0.04653371320037987
0 0.6138613861386139 0.4838556505223172 0.03230849400729546 0.0560303893637227
0 0.5943199583116207 0.724596391263058 0.024491922876498175 0.045584045584045586
0 0.3692027097446587 0.5959164292497626 0.03595622720166754 0.06552706552706553
0 0.8629494528400209 0.5906932573599241 0.02501302761855133 0.05887939221272555
0 0.3792912975508077 0.4748338081671415 0.03945284002084418 0.059696106362773026