3 0.8933246482542991 0.9524501424501424 0.05211047420531527 0.0950997150997151
3 0.5002605523710266 0.967369420702754 0.041688379364252216 0.06525166191832858
3 0.5002605523710266 0.20553656220322888 0.04615424700364773 0.07461538461538461
3 0.8944398124022929 0.22045584045584043 0.04987493486190724 0.10446343779677113
0 0.7022407503908286 0.9841025641025641 0.02 0.03178537511870845
0 0.4897029702970297 0.8384995251661919 0.02178217821782178 0.04075023741690408
0 0.6852475247524753 0.5351377018043685 0.02236060448150078 0.04393162393162393
0 0.6566076081292339 0.8066856600189934 0.02410630536737884 0.04128205128205128
0 0.6746169880145909 0.9859164292497626 0.02439291297550808 0.028167141500474835
0 0.7781552892131318 0.5910636277302944 0.020328295987493486 0.04128205128205128
0 0.3631109953100573 0.3108167141500475 0.02323606044815008 0.046049382716049386
0 0.5762063574778531 0.41303893637226974 0.025992704533611258 0.045716999050332385
0 0.46949973944762896 0.6284995251661918 0.021490359562272018 0.03599240265906933
5 0.9599478895257947 0.06580246913580247 0.06774361646690985 0.11803418803418804
0 0.40944241792600317 0.5094301994301994 0.022334549244398125 0.04748338081671415
0 0.7634184471078687 0.26320037986704653 0.02307972902553413 0.04612535612535613
3 0.10943199583116206 0.9497340930674264 0.055085982282438765 0.1005318138651472
0 0.2921313183949974 0.897094017094017 0.027821782178217822 0.041291547958214624