4 0.501823866597186 0.5858633776091081 0.7608129233976029 0.6992409867172675
3 0.8900468994267848 0.9397533206831119 0.06565919749869724 0.11859582542694497
3 0.10891089108910891 0.9440227703984819 0.06774361646690985 0.11005692599620494
3 0.8918707660239709 0.22343453510436434 0.06618030224075039 0.12428842504743833
3 0.4979155810317874 0.9539848197343453 0.06930693069306931 0.09013282732447818
6 0.7217300677436165 0.8164136622390892 0.03230849400729546 0.054079696394686905
3 0.5013027618551329 0.2030360531309298 0.055237102657634186 0.10246679316888045
3 0.10995310057321521 0.22580645161290322 0.06982803543512246 0.1366223908918406
0 0.4906201146430432 0.43453510436432635 0.03595622720166754 0.058823529411764705
0 0.6466909848879625 0.3818785578747628 0.031266284523189164 0.061669829222011384
0 0.45231891610213654 0.4810246679316888 0.03335070349140177 0.058823529411764705
0 0.8058884835852006 0.7224857685009488 0.027618551328817093 0.054079696394686905
0 0.786607608129234 0.47248576850094876 0.027618551328817093 0.05502846299810247
0 0.2159979155810318 0.4321631878557875 0.0297029702970297 0.054079696394686905
0 0.8517457008858781 0.3989563567362429 0.02553413236060448 0.055977229601518026
5 0.9551849921834289 0.07115749525616698 0.08858780614903596 0.14231499051233396
0 0.25065138092756645 0.5213472485768501 0.03647733194372069 0.0635673624288425