4 0.49973944762897343 0.5849146110056926 0.7608129233976029 0.6916508538899431
3 0.890568004168838 0.9397533206831119 0.06461698801459093 0.11859582542694497
3 0.10812923397602918 0.9463946869070209 0.06305367378843148 0.10531309297912714
3 0.8916102136529442 0.22343453510436434 0.06565919749869724 0.11859582542694497
3 0.5007816571130798 0.20398481973434535 0.05419489317352788 0.10246679316888045
3 0.11099531005732152 0.22343453510436434 0.0781657113079729 0.13377609108159394
3 0.5 0.9549335863377609 0.05992704533611256 0.08823529411764706
0 0.651902032308494 0.7058823529411765 0.030224075039082855 0.06072106261859583
0 0.8645127670661803 0.7950664136622391 0.02501302761855133 0.051233396584440226
0 0.5416883793642522 0.48861480075901326 0.03282959874934862 0.056925996204933584
0 0.3110995310057322 0.7096774193548387 0.03335070349140177 0.056925996204933584
0 0.8045857217300677 0.7732447817836812 0.028139656070870246 0.056925996204933584
0 0.7113079729025534 0.5426944971537002 0.02709744658676394 0.05502846299810247
0 0.16571130797290257 0.2647058823529412 0.031266284523189164 0.051233396584440226
5 0.9554455445544554 0.07115749525616698 0.0880667014069828 0.14231499051233396
6 0.32621156852527355 0.8894686907020873 0.03230849400729546 0.054079696394686905