4 0.4900484131253362 0.5848765432098766 0.6702528240989779 0.6512345679012346
3 0.14631522323830015 0.2381687242798354 0.06024744486282948 0.12037037037037036
3 0.8378160301237224 0.23919753086419754 0.055406132329209254 0.12037037037037036
3 0.14631522323830015 0.926954732510288 0.062399139322216246 0.10699588477366255
5 0.9644970414201184 0.10030864197530864 0.06670252824098978 0.13065843621399176
3 0.49273803119956966 0.23199588477366256 0.05379236148466918 0.10185185185185185
0 0.7261968800430338 0.34516460905349794 0.031199569661108123 0.050411522633744855
3 0.8375470683162991 0.9259259259259259 0.062399139322216246 0.12139917695473251
0 0.2772996234534696 0.7458847736625515 0.0328133405056482 0.06378600823045268
0 0.5352339967724583 0.4747942386831276 0.025820333512641205 0.04835390946502058
3 0.49273803119956966 0.9362139917695473 0.05164066702528241 0.10082304526748971
0 0.592522861753631 0.73559670781893 0.027434104357181282 0.059670781893004114
0 0.33969876277568584 0.6090534979423868 0.0328133405056482 0.053497942386831275
0 0.6070467993544917 0.45164609053497945 0.027434104357181282 0.04938271604938271
0 0.34077461000537923 0.6697530864197531 0.0328133405056482 0.06584362139917696
0 0.5091447014523938 0.4058641975308642 0.03066164604626143 0.046296296296296294
0 0.1769768692845616 0.779835390946502 0.03012372243141474 0.05761316872427984
0 0.16729424421732114 0.3852880658436214 0.03442711135018827 0.05246913580246913
6 0.8133405056481979 0.6851851851851852 0.02689618074233459 0.053497942386831275
0 0.198698224852071 0.7780349794238683 0.027568585260892953 0.0720164609053498