4 0.492200107584723 0.5819238683127572 0.6710597095212479 0.6442901234567902
3 0.14625067240451856 0.238559670781893 0.06118881118881119 0.11702674897119342
3 0.4925389994620764 0.23019547325102882 0.05580957504034427 0.09516460905349794
3 0.8384884346422808 0.23984567901234569 0.05379236148466918 0.11445473251028807
3 0.8364712210866057 0.9252880658436214 0.06993006993006994 0.12217078189300412
3 0.49186659494351803 0.941358024691358 0.051775147928994084 0.09516460905349794
3 0.14557826788596018 0.922716049382716 0.05849919311457773 0.09645061728395062
0 0.16709521247982786 0.38387860082304526 0.03563743948359333 0.052726337448559674
0 0.19937062937062938 0.7786831275720164 0.03160301237224314 0.05787037037037037
0 0.17684238838084992 0.7780349794238683 0.03362022592791824 0.06430041152263374
0 0.2756858526089295 0.7439609053497942 0.036309844002151696 0.06815843621399177
0 0.3382194728348574 0.6725823045267489 0.03362022592791824 0.05915637860082305
0 0.3395642818719742 0.6108539094650206 0.0322754168908015 0.046296296296296294
0 0.5100215169445939 0.4121707818930041 0.043706293706293704 0.052726337448559674
6 0.599112426035503 0.4565329218106996 0.030930607853684778 0.05915637860082305
0 0.7268692845615923 0.3478703703703704 0.030930607853684778 0.05015432098765432
0 0.6707261968800431 0.419238683127572 0.024878967186659495 0.04372427983539095
0 0.5950779989241528 0.7317386831275721 0.03362022592791824 0.048868312757201646
5 0.9649004841312534 0.102880658436214 0.06589564281871974 0.1440329218106996