4 0.49765502866076083 0.5872865275142315 0.7628973423658155 0.7039848197343453
3 0.8908285565398645 0.9407020872865275 0.0672225117248567 0.11669829222011385
3 0.5005211047420531 0.2030360531309298 0.05054715997915581 0.09867172675521822
3 0.892391870766024 0.22248576850094876 0.06409588327253778 0.12618595825426945
3 0.10865033871808233 0.9440227703984819 0.0672225117248567 0.11005692599620494
3 0.10812923397602918 0.22011385199240988 0.07034914017717561 0.12333965844402277
3 0.4979155810317874 0.952561669829222 0.0672225117248567 0.09297912713472485
0 0.7128712871287128 0.5645161290322581 0.021886399166232414 0.04364326375711575
6 0.36216779572694113 0.5806451612903226 0.030224075039082855 0.051233396584440226
1 0.9666492965085982 0.5839658444022771 0.04689942678478374 0.5588235294117647
0 0.7326732673267327 0.5417457305502846 0.023970818134445022 0.04554079696394687
0 0.7126107347576863 0.6091081593927894 0.024491922876498175 0.04554079696394687
0 0.7524752475247525 0.6081593927893738 0.023970818134445022 0.04554079696394687
5 0.9554455445544554 0.07020872865275142 0.0880667014069828 0.14041745730550284
0 0.7540385617509119 0.5635673624288425 0.022928608650338717 0.04364326375711575
0 0.6929442417926003 0.5837571157495256 0.02497655028660761 0.04864326375711575
0 0.7322928608650339 0.5866603415559772 0.025268368942157376 0.04917457305502846
0 0.7733871808233456 0.5871916508538899 0.026138613861386138 0.04812144212523719
0 0.7328764981761334 0.6292314990512334 0.025268368942157376 0.04230550284629982