4 0.4989577905158937 0.5891840607210627 0.7582073996873372 0.7001897533206831
3 0.8903074517978113 0.9407020872865275 0.07034914017717561 0.11669829222011385
3 0.8918707660239709 0.22248576850094876 0.0672225117248567 0.12618595825426945
3 0.10891089108910891 0.9440227703984819 0.06774361646690985 0.11005692599620494
3 0.1122980719124544 0.22248576850094876 0.07660239708181345 0.13946869070208728
6 0.7209484106305367 0.43785578747628084 0.03282959874934862 0.055977229601518026
3 0.49817613340281397 0.9558823529411765 0.06982803543512246 0.08633776091081594
3 0.5007816571130798 0.2030360531309298 0.05627931214174049 0.10246679316888045
0 0.5852006253256905 0.4487666034155598 0.02918186555497655 0.058823529411764705
0 0.5781657113079729 0.9027514231499051 0.03595622720166754 0.054079696394686905
0 0.8475768629494529 0.5493358633776091 0.0297029702970297 0.06261859582542695
0 0.4854090672225117 0.5697343453510436 0.0297029702970297 0.05218216318785579
0 0.640177175612298 0.905123339658444 0.03282959874934862 0.051233396584440226
0 0.42470036477331946 0.6750474383301708 0.03335070349140177 0.055977229601518026
0 0.22199062011464304 0.3349146110056926 0.031266284523189164 0.056925996204933584
5 0.955706096925482 0.07352941176470588 0.08754559666492966 0.14705882352941177