4 0.4995153725898906 0.5833713200379866 0.7533663366336634 0.6918993352326687
3 0.890343929129755 0.21706552706552706 0.05657634184471078 0.1085375118708452
3 0.5 0.19921177587844255 0.040771235018238663 0.0743019943019943
3 0.11029181865554977 0.2142355175688509 0.052522146951537264 0.09393162393162392
3 0.11083897863470557 0.9476923076923076 0.05145388223032829 0.0917094017094017
3 0.49914538822303284 0.9619468186134852 0.04689942678478374 0.07610636277302944
3 0.8895987493486192 0.951025641025641 0.05211047420531527 0.09768281101614434
6 0.7730953621677957 0.560303893637227 0.026055237102657634 0.04884140550807217
0 0.7611829077644606 0.26251661918328584 0.03498697238144867 0.0501994301994302
0 0.5758207399687337 0.40768281101614434 0.024564877540385617 0.0501994301994302
0 0.4116206357477853 0.5049857549857549 0.025039082855653986 0.04632478632478632
0 0.30004689942678475 0.8738366571699905 0.024887962480458572 0.045802469135802465
0 0.47070349140177176 0.6237891737891738 0.023866597186034393 0.04469135802469136
0 0.18139656070870247 0.7519183285849952 0.024794163626889004 0.04544159544159544
0 0.23681605002605524 0.8689363722697057 0.025039082855653986 0.046942070275403605
0 0.6850599270453361 0.5312440645773979 0.025039082855653986 0.04677113010446344
0 0.36523189161021363 0.30789173789173785 0.024382490880667015 0.04596391263057929
0 0.21044815007816572 0.2631718898385565 0.023559145388223034 0.04424501424501425
0 0.4902084418968213 0.8350332383665716 0.026055237102657634 0.052905982905982904
0 0.6573371547681084 0.8065432098765432 0.02829077644606566 0.05833808167141501
2 0.6990203230849401 0.5636942070275404 0.029775924960917143 0.052905982905982904
1 0.9580875455966649 0.5826875593542261 0.0401980198019802 0.5494491927825261
5 0.9562272016675352 0.06376068376068376 0.06923397602918187 0.11667616334283001
2 0.7714700364773319 0.5620845204178537 0.6999270453361126 0.5729496676163343 0.6454752475247524 0.6519021842355175 0.6403084940072954 0.6366913580246913 0.698734757686295 0.5526685660018994 0.7702777488275143 0.5483228869895537
2 0.6884007295466389 0.5287654320987654 0.6629635226680564 0.47154320987654325 0.6581938509640438 0.4838566001899335 0.6828363731109953 0.5410788224121558