5 0.965034965034965 0.09876543209876543 0.06777837547068316 0.13168724279835392
3 0.8378160301237224 0.23765432098765432 0.05325443786982249 0.11522633744855967
3 0.14658418504572351 0.23559670781893005 0.05970952124798279 0.11728395061728394
3 0.49273803119956966 0.2309670781893004 0.05164066702528241 0.09979423868312758
0 0.8004303388918773 0.529835390946502 0.02689618074233459 0.047325102880658436
0 0.34615384615384615 0.8580246913580247 0.0328133405056482 0.05555555555555555
3 0.14631522323830015 0.9248971193415638 0.0656266810112964 0.11934156378600823
0 0.6568047337278107 0.37911522633744854 0.025820333512641205 0.046296296296296294
3 0.8378160301237224 0.9233539094650206 0.0586336740182894 0.12242798353909465
4 0.49381387842926305 0.5802469135802469 0.6810112963959117 0.6419753086419753
0 0.33916083916083917 0.6080246913580247 0.027434104357181282 0.047325102880658436
0 0.17670790747713824 0.7808641975308642 0.027434104357181282 0.047325102880658436
0 0.27514792899408286 0.7391975308641975 0.03066164604626143 0.05246913580246913
0 0.34158149542764926 0.6712962962962963 0.02689618074233459 0.046296296296296294
0 0.16729424421732114 0.3837448559670782 0.03442711135018827 0.04938271604938271
6 0.7013179128563743 0.40574074074074074 0.02420656266810113 0.045010288065843625
0 0.19735341581495427 0.7838271604938272 0.030258203335126414 0.05787037037037037