4 0.4966128191766545 0.5882352941176471 0.7701928087545596 0.698292220113852
3 0.10917144346013549 0.9397533206831119 0.06930693069306931 0.11859582542694497
3 0.8908285565398645 0.22011385199240988 0.07139134966128191 0.12903225806451613
3 0.890568004168838 0.9421252371916509 0.06774361646690985 0.11385199240986717
0 0.4585721730067744 0.5787476280834914 0.0385617509119333 0.06261859582542695
3 0.5013027618551329 0.2030360531309298 0.055237102657634186 0.09867172675521822
3 0.49843668577384054 0.952561669829222 0.068264721208963 0.09297912713472485
3 0.10865033871808233 0.22058823529411764 0.07139134966128191 0.12998102466793168
0 0.7535174570088587 0.5147058823529411 0.031266284523189164 0.05787476280834915
0 0.47967691505992704 0.47106261859582543 0.03282959874934862 0.0635673624288425
1 0.9611776967170401 0.5915559772296015 0.045336112558624284 0.5607210626185958
0 0.7905158936946326 0.32827324478178366 0.031266284523189164 0.056925996204933584
6 0.4447628973423658 0.38377609108159394 0.033871808233454925 0.05787476280834915
5 0.9546638874413758 0.06925996204933586 0.08963001563314227 0.13851992409867173
0 0.14252214695153725 0.7599620493358634 0.03282959874934862 0.05502846299810247
2 0.43564356435643564 0.3776091081593928 0.4361646690984888 0.3918406072106262 0.43981240229286084 0.40037950664136623 0.4445023449713392 0.40417457305502846 0.4507556018759771 0.40417457305502846 0.460656591974987 0.3899430740037951 0.46743095362167797 0.38804554079696396 0.7649817613340282 0.3747628083491461 0.7696717040125065 0.3757115749525617 0.7759249609171444 0.38804554079696396 0.7821782178217822 0.3937381404174573 0.7926003126628453 0.3918406072106262 0.7988535695674831 0.38235294117647056 0.8030224075039083 0.38045540796963945 0.8561750911933299 0.40227703984819735 0.8650338718082334 0.40417457305502846 0.8676393955184992 0.40037950664136623 0.8645127670661803 0.3927893738140417 0.8295987493486191 0.38045540796963945 0.8009379885356956 0.36527514231499053 0.79833246482543 0.34535104364326374 0.8030224075039083 0.3415559772296015 0.8045857217300677 0.3216318785578748 0.801980198019802 0.31024667931688804 0.7972902553413236 0.301707779886148 0.8009379885356956 0.269449715370019 0.7988535695674831 0.25901328273244784 0.7946847316310578 0.2647058823529412 0.7905158936946326 0.29791271347248577 0.7837415320479416 0.3026565464895636 0.7769671704012506 0.31404174573055027 0.7769671704012506 0.3444022770398482 0.7691505992704534 0.36148007590132825 0.7649817613340282 0.3633776091081594 0.46169880145909326 0.3766603415559772 0.4533611255862428 0.36432637571157495 0.44554455445544555 0.36242884250474383 0.4392912975508077 0.36527514231499053