4 0.501823866597186 0.5887939221272555 0.7556018759770714 0.6970560303893637
3 0.8895257946847316 0.9354226020892688 0.07920792079207921 0.12725546058879392
3 0.8910891089108911 0.21937321937321938 0.06670140698280354 0.12725546058879392
3 0.10708702449192288 0.2174738841405508 0.07139134966128191 0.1291547958214625
3 0.4953100573215216 0.9401709401709402 0.06513809275664409 0.1177587844254511
3 0.11021365294424179 0.9373219373219374 0.08077123501823867 0.12345679012345678
5 0.9614382490880667 0.06837606837606838 0.0760812923397603 0.13675213675213677
0 0.3785825951016154 0.4188034188034188 0.03595622720166754 0.05887939221272555
3 0.5044293903074518 0.20845204178537513 0.0583637311099531 0.1225071225071225
0 0.2894736842105263 0.28347578347578345 0.0286607608129234 0.04843304843304843
6 0.5005211047420531 0.6490978157644824 0.0297029702970297 0.057929724596391265
0 0.7337154768108389 0.4734093067426401 0.030224075039082855 0.05982905982905983
0 0.36868160500260555 0.5949667616334283 0.03804064616988015 0.06552706552706553
0 0.6357477853048463 0.43304843304843305 0.030224075039082855 0.05318138651471985
0 0.3818968212610735 0.47550807217473884 0.04615424700364773 0.06647673314339982