4 0.4992183428869203 0.5872865275142315 0.7597707139134966 0.6944971537001897
3 0.10734757686294945 0.9454459203036053 0.06253256904637833 0.10721062618595825
3 0.8910891089108911 0.9430740037950665 0.06670140698280354 0.11195445920303605
3 0.8916102136529442 0.22580645161290322 0.06565919749869724 0.12144212523719165
3 0.501823866597186 0.20208728652751423 0.0594059405940594 0.10056925996204934
3 0.10838978634705576 0.22106261859582543 0.06565919749869724 0.12144212523719165
0 0.6774361646690985 0.2808349146110057 0.030224075039082855 0.051233396584440226
0 0.1464304325169359 0.3515180265654649 0.02918186555497655 0.05218216318785579
0 0.3738926524231371 0.32637571157495254 0.030745179781136008 0.04743833017077799
0 0.3423658155289213 0.7310246679316889 0.03230849400729546 0.05787476280834915
0 0.4911412193850964 0.650853889943074 0.03595622720166754 0.056925996204933584
0 0.594059405940594 0.357685009487666 0.02918186555497655 0.056925996204933584
3 0.5002605523710266 0.9573055028462998 0.055237102657634186 0.08349146110056926
0 0.7115685252735799 0.6285578747628083 0.027618551328817093 0.055977229601518026
0 0.29598749348619074 0.900853889943074 0.030224075039082855 0.05028462998102467
5 0.9567483064095883 0.07115749525616698 0.08546117769671704 0.14231499051233396
0 0.14069828035435122 0.9108159392789373 0.03573215216258468 0.06777039848197344