4 0.49817613340281397 0.5906072106261859 0.7670661803022407 0.7011385199240987
3 0.10891089108910891 0.2215370018975332 0.07399687337154769 0.12618595825426945
3 0.10943199583116206 0.9416508538899431 0.06878582595101615 0.11480075901328274
3 0.8918707660239709 0.22343453510436434 0.06305367378843148 0.12239089184060721
3 0.8903074517978113 0.9416508538899431 0.06930693069306931 0.11480075901328274
0 0.7855653986451276 0.27656546489563566 0.0297029702970297 0.05218216318785579
1 0.9619593538301199 0.5839658444022771 0.04377279833246483 0.5512333965844403
0 0.7470036477331944 0.4444971537001898 0.03178738926524231 0.055977229601518026
3 0.5036477331943721 0.2148956356736243 0.05992704533611256 0.12239089184060721
6 0.49296508598228245 0.6897533206831119 0.034392912975508075 0.06451612903225806
5 0.9533611255862429 0.07352941176470588 0.09223553934340803 0.14705882352941177
2 0.4995158936946326 0.6939554079696394 0.49877175612298075 0.8389810246679317 0.5084491922876498 0.8606669829222011 0.538971339239187 0.8620218216318786 0.5374825429911413 0.889129981024668 0.506960396039604 0.8918406072106262 0.5039828035435122 0.9067495256166983 0.5010052110474205 0.9990512333965844 0.4905831162063575 0.9990512333965844 0.4920719124544033 0.899972485768501 0.4786717040125065 0.8837087286527514 0.4779275664408546 0.8552457305502846 0.484627410109432 0.8430464895635674 0.484627410109432 0.6844677419354839
0 0.4954194893173528 0.9108159392789373 0.03350182386659719 0.05963946869070209
0 0.5024960917144345 0.2426091081593928 0.029775924960917143 0.06234345351043643