4 0.49994788952579466 0.5895256166982923 0.7602918186555497 0.7039848197343453
3 0.5005211047420531 0.2030360531309298 0.05054715997915581 0.09867172675521822
6 0.30797290255341325 0.5858633776091081 0.03647733194372069 0.055977229601518026
3 0.10865033871808233 0.2215370018975332 0.07139134966128191 0.12618595825426945
3 0.892391870766024 0.22248576850094876 0.06409588327253778 0.12428842504743833
3 0.8908285565398645 0.9421252371916509 0.0672225117248567 0.11195445920303605
3 0.49765502866076083 0.9549335863377609 0.06565919749869724 0.08823529411764706
3 0.10812923397602918 0.9463946869070209 0.06618030224075039 0.10531309297912714
1 0.9622199062011464 0.5925047438330171 0.04325169359041167 0.5607210626185958
0 0.7417926003126628 0.5621442125237192 0.022407503908285567 0.04269449715370019
0 0.7415320479416363 0.607685009487666 0.022928608650338717 0.04079696394686907
0 0.7217300677436165 0.6280834914611005 0.02501302761855133 0.04554079696394687
5 0.9554455445544554 0.06878557874762808 0.0880667014069828 0.13567362428842505
0 0.6829077644606566 0.5858633776091081 0.02344971339239187 0.04838709677419355
0 0.7628973423658155 0.5863377609108159 0.023970818134445022 0.04743833017077799
0 0.7217300677436165 0.5853889943074004 0.023970818134445022 0.04554079696394687
0 0.7028764981761334 0.5649335863377609 0.026091714434601353 0.04464895635673625
0 0.7225951016154247 0.5413567362428843 0.026680562793121417 0.04750474383301708
0 0.7013079729025534 0.6101233396584441 0.02648775403856175 0.04500948766603415
2 0.31282647212089626 0.5948339658444023 0.6534184471078687 0.5998889943074004 0.6534184471078687 0.6656072106261859 0.6663757165190204 0.66392220113852 0.6682266805627931 0.6015740037950664 0.7700338718082335 0.5982039848197342 0.7663319437206878 0.5645018975332069 0.3156029181865555 0.5645018975332069