4 0.5006305367378844 0.5874358974358975 0.7570922355393434 0.6918993352326687
3 0.892579468473163 0.9538081671415005 0.04913496612819177 0.09239316239316239
3 0.5006305367378844 0.9687274453941122 0.03945284002084418 0.06254510921177588
5 0.9603230849400729 0.06308641975308643 0.05657634184471078 0.10988603988603989
3 0.10779051589369464 0.21501424501424501 0.05175612298071912 0.09104463437796771
3 0.10894736842105263 0.9503608736942071 0.05175612298071912 0.09054131054131054
3 0.5 0.201329534662868 0.04098488796248046 0.0743019943019943
3 0.8911151641479937 0.2157929724596391 0.05203230849400729 0.09626780626780627
6 0.3104273058884836 0.5860778727445394 0.02381969775924961 0.043409306742640076
0 0.6904273058884837 0.5869420702754036 0.021907243355914537 0.04314339981006648
0 0.7494372068785826 0.5231908831908831 0.021907243355914537 0.041851851851851855
0 0.7702813965607087 0.5035517568850902 0.02402813965607087 0.04249762583095917
0 0.7301771756122981 0.6294396961063627 0.02014069828035435 0.041851851851851855
0 0.7301771756122981 0.5454131054131055 0.021552892131318394 0.04249762583095917
0 0.7103908285565399 0.5663342830009497 0.02226159458051068 0.04314339981006648
0 0.7503178738926524 0.6081956315289648 0.018728504429390305 0.03927825261158594
0 0.7296508598228244 0.5869420702754036 0.019786347055758206 0.036704653371320034
0 0.7494372068785826 0.5647293447293447 0.020495049504950492 0.04249762583095917
0 0.7697550807712351 0.5866191832858499 0.02226159458051068 0.04249762583095917
0 0.7497863470557582 0.6487654320987654 0.020495049504950492 0.03927825261158594
0 0.7102136529442419 0.6098005698005698 0.02119854090672225 0.04121557454890788
0 0.7704585721730067 0.6294396961063627 0.02579468473163106 0.041851851851851855
0 0.7699270453361126 0.6709781576448243 0.02119854090672225 0.04249762583095917
0 0.7699270453361126 0.546372269705603 0.021907243355914537 0.041851851851851855