4 0.4934861907243356 0.5839658444022771 0.7701928087545596 0.706831119544592
3 0.10187597707139134 0.9407020872865275 0.06930693069306931 0.11669829222011385
3 0.49609171443460137 0.198292220113852 0.06461698801459093 0.1062618595825427
3 0.493225638353309 0.952561669829222 0.06618030224075039 0.09297912713472485
3 0.8900468994267848 0.9421252371916509 0.06878582595101615 0.11385199240986717
3 0.10083376758728504 0.21157495256166983 0.07347576862949452 0.12903225806451613
3 0.890568004168838 0.21584440227703985 0.06774361646690985 0.12618595825426945
0 0.6769150599270454 0.27798861480075904 0.031266284523189164 0.05502846299810247
0 0.6412193850964044 0.4976280834914611 0.033871808233454925 0.0635673624288425
6 0.4744658676393955 0.3889943074003795 0.03491401771756123 0.056925996204933584
0 0.14486711829077645 0.7452561669829222 0.02709744658676394 0.05028462998102467
5 0.9554455445544554 0.06688804554079697 0.0880667014069828 0.13377609108159394
0 0.8504429390307452 0.3372865275142315 0.02709744658676394 0.055977229601518026
0 0.12916102136529442 0.7102182163187857 0.037967691505992704 0.05963946869070209