4 0.5015633142261594 0.5882352941176471 0.7582073996873372 0.7020872865275142
3 0.890568004168838 0.9378557874762808 0.06461698801459093 0.12239089184060721
3 0.10917144346013549 0.9416508538899431 0.06930693069306931 0.11480075901328274
3 0.8918707660239709 0.22485768500948766 0.06618030224075039 0.12333965844402277
3 0.10865033871808233 0.2215370018975332 0.07139134966128191 0.12618595825426945
3 0.4986972381448671 0.9539848197343453 0.06565919749869724 0.09013282732447818
3 0.5005211047420531 0.2054079696394687 0.055758207399687336 0.1015180265654649
6 0.5502866076081292 0.6759962049335864 0.03230849400729546 0.054079696394686905
0 0.7019280875455967 0.5403225806451613 0.03647733194372069 0.05977229601518026
5 0.9572694111516414 0.06925996204933586 0.08441896821261073 0.13851992409867173
0 0.8011985409067223 0.7224857685009488 0.0286607608129234 0.05787476280834915
0 0.7584679520583637 0.45398481973434535 0.0297029702970297 0.0635673624288425
0 0.5948410630536738 0.5872865275142315 0.026576341844710787 0.051233396584440226
0 0.8632100052110474 0.8045540796963947 0.026576341844710787 0.04933586337760911
0 0.1399166232412715 0.7291271347248577 0.03178738926524231 0.05787476280834915