4 0.49947889525794686 0.5868945868945868 0.7582073996873372 0.6932573599240266
3 0.8892652423137051 0.9344729344729344 0.08181344450234497 0.1291547958214625
3 0.11099531005732152 0.2198480531813865 0.07295466388744137 0.13770180436847104
3 0.8908285565398645 0.2184235517568851 0.06618030224075039 0.12535612535612536
3 0.10891089108910891 0.9425451092117759 0.08025013027618551 0.11301044634377967
5 0.9609171443460135 0.06932573599240266 0.0771235018238666 0.13865147198480532
3 0.5033871808233454 0.20892687559354226 0.0583637311099531 0.11965811965811966
3 0.49973944762897343 0.9558404558404558 0.06461698801459093 0.08641975308641975
0 0.2907764460656592 0.28347578347578345 0.028139656070870246 0.04843304843304843
0 0.3590411672746222 0.577397910731244 0.034392912975508075 0.06267806267806268
6 0.1685773840541949 0.2905982905982906 0.03178738926524231 0.05128205128205128
0 0.37727983324648257 0.47198480531813863 0.03335070349140177 0.06647673314339982
0 0.4661281917665451 0.8328584995251662 0.0297029702970297 0.05698005698005698
0 0.6136008337675873 0.48243114909781576 0.03282959874934862 0.055080721747388414
0 0.4546638874413757 0.2962962962962963 0.03282959874934862 0.05318138651471985
0 0.27879103699843666 0.879392212725546 0.031266284523189164 0.055080721747388414
0 0.7391870766023971 0.3670465337132004 0.02553413236060448 0.050332383665717
0 0.14278269932256382 0.7659069325735992 0.02918186555497655 0.052231718898385564