4 0.49947889525794686 0.5868945868945868 0.7592496091714435 0.6932573599240266
3 0.890568004168838 0.21937321937321938 0.06774361646690985 0.12535612535612536
3 0.8882230328295988 0.9411206077872745 0.07556018759770713 0.11585944919278253
3 0.10917144346013549 0.9425451092117759 0.07972902553413236 0.11301044634377967
3 0.1122980719124544 0.2198480531813865 0.07451797811360084 0.13580246913580246
5 0.9611776967170401 0.06837606837606838 0.07660239708181345 0.13675213675213677
3 0.5015633142261594 0.20845204178537513 0.06409588327253778 0.11490978157644824
3 0.5002605523710266 0.956315289648623 0.06461698801459093 0.08547008547008547
0 0.15971860343929128 0.5584045584045584 0.024491922876498175 0.04748338081671415
0 0.45440333507034913 0.2939221272554606 0.034392912975508075 0.05413105413105413
0 0.14252214695153725 0.7644824311490979 0.02553413236060448 0.04748338081671415
0 0.6138613861386139 0.4829059829059829 0.030224075039082855 0.05413105413105413
0 0.21756122980719125 0.3010446343779677 0.033871808233454925 0.05698005698005698
0 0.1331422615945805 0.3570750237416904 0.027618551328817093 0.05887939221272555
0 0.8374153204794164 0.8926875593542261 0.031266284523189164 0.05318138651471985
0 0.27800937988535696 0.8784425451092118 0.026576341844710787 0.04748338081671415
0 0.2751433038040646 0.2972459639126306 0.026055237102657634 0.045584045584045586
6 0.6149035956227201 0.9012345679012346 0.031266284523189164 0.04748338081671415
0 0.20025534132360606 0.26929724596391263 0.029775924960917143 0.052905982905982904