4 0.49085529854760623 0.5848765432098766 0.6740182894029048 0.6512345679012346
3 0.14685314685314685 0.24022633744855967 0.06132329209252286 0.1183127572016461
3 0.8364712210866057 0.9223251028806584 0.0656266810112964 0.1286008230452675
3 0.49327595481441633 0.9295267489711934 0.062399139322216246 0.11008230452674897
3 0.8375470683162991 0.23919753086419754 0.05917159763313609 0.11625514403292181
3 0.49166218396987627 0.2294238683127572 0.055944055944055944 0.09876543209876543
5 0.9647660032275417 0.10030864197530864 0.06724045185583648 0.1286008230452675
3 0.14604626143087682 0.9233539094650206 0.06831629908552986 0.12037037037037036
0 0.3464228079612695 0.8580246913580247 0.03335126412049489 0.05761316872427984
0 0.34158149542764926 0.6712962962962963 0.02689618074233459 0.046296296296296294
0 0.27461000537923613 0.7402263374485597 0.029585798816568046 0.05246913580246913
0 0.17670790747713824 0.7824074074074074 0.028509951586874662 0.046296296296296294
0 0.6573426573426573 0.37911522633744854 0.025820333512641205 0.05452674897119342
0 0.33916083916083917 0.6080246913580247 0.029585798816568046 0.04938271604938271
0 0.16783216783216784 0.3837448559670782 0.03550295857988166 0.051440329218107
6 0.1799354491662184 0.5684156378600823 0.03066164604626143 0.04835390946502058