3 0.8900468994267848 0.2207977207977208 0.06774361646690985 0.13010446343779677
3 0.8884835852006253 0.9420702754036088 0.07399687337154769 0.11396011396011396
3 0.1122980719124544 0.21937321937321938 0.07451797811360084 0.13485280151946819
3 0.10943199583116206 0.9425451092117759 0.08025013027618551 0.11301044634377967
5 0.9609171443460135 0.07027540360873694 0.0771235018238666 0.14055080721747387
3 0.5007816571130798 0.20845204178537513 0.06357477853048463 0.11490978157644824
3 0.4992183428869203 0.956315289648623 0.06253256904637833 0.08547008547008547
0 0.15971860343929128 0.5593542260208927 0.024491922876498175 0.04748338081671415
6 0.8196977592496092 0.4392212725546059 0.02918186555497655 0.06172839506172839
0 0.45414278269932257 0.2939221272554606 0.03491401771756123 0.05413105413105413
0 0.14252214695153725 0.7659069325735992 0.02553413236060448 0.04843304843304843
0 0.6138613861386139 0.48148148148148145 0.03230849400729546 0.055080721747388414
0 0.6667535174570088 0.6937321937321937 0.0286607608129234 0.05982905982905983
0 0.21756122980719125 0.30246913580246915 0.033871808233454925 0.057929724596391265
0 0.13340281396560708 0.3570750237416904 0.02709744658676394 0.05887939221272555
0 0.8374153204794164 0.8931623931623932 0.03230849400729546 0.0560303893637227
0 0.27800937988535696 0.8784425451092118 0.026576341844710787 0.04748338081671415
0 0.2751433038040646 0.2972459639126306 0.026055237102657634 0.04748338081671415
4 0.4986972381448671 0.5868945868945868 0.7566440854611777 0.6932573599240266
0 0.2006253256904638 0.26929724596391263 0.03201146430432517 0.06919278252611585