4 0.49058633674018287 0.5833333333333334 0.6702528240989779 0.6481481481481481
3 0.8380849919311458 0.9223251028806584 0.0656266810112964 0.1286008230452675
3 0.49327595481441633 0.9305555555555556 0.064550833781603 0.11625514403292181
0 0.7307692307692307 0.5823045267489712 0.02097902097902098 0.0411522633744856
3 0.14739107046799355 0.9223251028806584 0.06347498655190963 0.1286008230452675
3 0.14604626143087682 0.23765432098765432 0.06293706293706294 0.11728395061728394
3 0.49166218396987627 0.22685185185185186 0.055944055944055944 0.10390946502057613
0 0.7315761161915008 0.6604938271604939 0.023668639053254437 0.0411522633744856
3 0.8378160301237224 0.23919753086419754 0.061861215707369556 0.12242798353909465
1 0.02151694459386767 0.5828189300411523 0.04303388918773534 0.5092592592592593
0 0.6955352339967724 0.6208847736625515 0.020441097364174286 0.03806584362139918
0 0.6955352339967724 0.581275720164609 0.020441097364174286 0.03909465020576132
0 0.7307692307692307 0.5426954732510288 0.02097902097902098 0.040123456790123455
5 0.9644970414201184 0.09876543209876543 0.06885422270037654 0.12962962962962962
0 0.7299623453469607 0.5025720164609053 0.02151694459386767 0.044238683127572016
0 0.6955352339967724 0.5426954732510288 0.020441097364174286 0.040123456790123455
0 0.7294244217321141 0.6208847736625515 0.020441097364174286 0.03806584362139918
6 0.32490586336740185 0.8852880658436214 0.03012372243141474 0.046296296296296294
0 0.6603012372243141 0.581275720164609 0.019903173749327596 0.03909465020576132
0 0.6769553523399677 0.5624382716049383 0.024217321140398065 0.047602880658436215
0 0.7118235610543303 0.5229835390946502 0.021301775147928994 0.04588477366255144
0 0.7132813340505648 0.5620164609053497 0.021075847229693384 0.04245884773662552
0 0.7135072619688004 0.6012551440329218 0.021527703066164607 0.04631687242798354
0 0.7138407746100054 0.6409259259259259 0.021301775147928994 0.04245884773662552
0 0.6774018289402904 0.6012551440329218 0.021075847229693384 0.044598765432098765
2 0.3254437869822485 0.893775720164609 0.6824905863367402 0.680298353909465 0.6993006993006993 0.6918724279835391 0.7120763851533082 0.7381687242798354 0.7255244755244755 0.7265946502057613 0.7114039806347499 0.6751543209876543 0.7140935987089834 0.6532921810699589 0.7813340505648197 0.5787037037037037 0.7725927918235611 0.5568415637860082 0.7040075309306079 0.628858024691358 0.6811457772996234 0.625 0.6811457772996234 0.6545781893004116 0.3160301237224314 0.8693415637860082