4 0.49817613340281397 0.5878442545109211 0.7556018759770714 0.6951566951566952
3 0.890568004168838 0.22032288698955366 0.06774361646690985 0.13295346628679963
3 0.8882230328295988 0.9425451092117759 0.07347576862949452 0.11301044634377967
3 0.10943199583116206 0.9425451092117759 0.08025013027618551 0.11301044634377967
3 0.1122980719124544 0.2198480531813865 0.07451797811360084 0.13580246913580246
5 0.960656591974987 0.06932573599240266 0.07764460656591975 0.13865147198480532
3 0.5007816571130798 0.20750237416904083 0.06357477853048463 0.11490978157644824
3 0.4992183428869203 0.9558404558404558 0.06253256904637833 0.08641975308641975
0 0.15971860343929128 0.5584045584045584 0.024491922876498175 0.04748338081671415
0 0.45440333507034913 0.2939221272554606 0.034392912975508075 0.05413105413105413
6 0.8191766545075561 0.4382716049382716 0.028139656070870246 0.05413105413105413
0 0.14252214695153725 0.7659069325735992 0.02553413236060448 0.04843304843304843
1 0.9622199062011464 0.5954415954415955 0.04325169359041167 0.5660018993352327
0 0.6136008337675873 0.48243114909781576 0.033871808233454925 0.05698005698005698
0 0.21782178217821782 0.3010446343779677 0.03335070349140177 0.05698005698005698
0 0.13340281396560708 0.3570750237416904 0.02709744658676394 0.05887939221272555
0 0.2782699322563835 0.8798670465337132 0.02709744658676394 0.04843304843304843
0 0.6657113079729026 0.6927825261158594 0.0297029702970297 0.06172839506172839
0 0.2751433038040646 0.2972459639126306 0.026055237102657634 0.045584045584045586
0 0.8374153204794164 0.8912630579297246 0.02709744658676394 0.04843304843304843
0 0.19988014590932776 0.272687559354226 0.030521104742053152 0.06240265906932573
2 0.8226008337675872 0.4490569800569801 0.6796696195935383 0.6634102564102564 0.6528697238144867 0.8221405508072175 0.6409588327253778 0.8072174738841406 0.6670140698280355 0.6783342830009497 0.6037368421052631 0.6186410256410256 0.6126701406982803 0.59964767331434 0.6752027097446587 0.6417037037037038 0.8181344450234497 0.4314207027540361