4 0.49817613340281397 0.5868945868945868 0.7556018759770714 0.6932573599240266
3 0.8908285565398645 0.21937321937321938 0.06930693069306931 0.1291547958214625
3 0.8882230328295988 0.9420702754036088 0.07347576862949452 0.11396011396011396
5 0.960656591974987 0.06837606837606838 0.07764460656591975 0.13675213675213677
3 0.1122980719124544 0.21937321937321938 0.07451797811360084 0.13485280151946819
3 0.10943199583116206 0.9425451092117759 0.08025013027618551 0.11301044634377967
3 0.5005211047420531 0.20892687559354226 0.06513809275664409 0.11396011396011396
3 0.4992183428869203 0.9558404558404558 0.06253256904637833 0.08641975308641975
6 0.8194372068785826 0.43874643874643876 0.0297029702970297 0.05698005698005698
0 0.15971860343929128 0.5584045584045584 0.024491922876498175 0.04748338081671415
0 0.14252214695153725 0.7659069325735992 0.02553413236060448 0.04843304843304843
0 0.45440333507034913 0.2939221272554606 0.034392912975508075 0.05413105413105413
1 0.9622199062011464 0.5859449192782527 0.045336112558624284 0.5565052231718899
0 0.6138613861386139 0.4838556505223172 0.034392912975508075 0.0560303893637227
0 0.21756122980719125 0.30246913580246915 0.033871808233454925 0.057929724596391265
0 0.13340281396560708 0.3570750237416904 0.02709744658676394 0.05887939221272555
0 0.6657113079729026 0.6932573599240266 0.0297029702970297 0.060778727445394115
0 0.2782699322563835 0.8784425451092118 0.02709744658676394 0.04748338081671415
0 0.2751433038040646 0.2972459639126306 0.026055237102657634 0.04748338081671415
0 0.8381969775924961 0.8926875593542261 0.027618551328817093 0.04938271604938271
2 0.8218566961959354 0.44634377967711303 0.6796696195935383 0.6634102564102564 0.6513809275664408 0.8234976258309592 0.638725377800938 0.8085745489078822 0.6662694111516414 0.6688376068376067 0.605970297029703 0.6227103513770181 0.6096925482021887 0.5982905982905983 0.6752027097446587 0.6417037037037038 0.815156852527358 0.42599335232668567
0 0.19876498176133403 0.26590693257359926 0.0372225117248567 0.05698005698005698