4 0.5002605523710266 0.5859449192782527 0.7514330380406462 0.6970560303893637
3 0.890568004168838 0.9434947768281101 0.08025013027618551 0.1111111111111111
3 0.10917144346013549 0.9425451092117759 0.08077123501823867 0.11301044634377967
3 0.10838978634705576 0.22032288698955366 0.08025013027618551 0.14245014245014245
3 0.49973944762897343 0.20797720797720798 0.07399687337154769 0.10826210826210826
3 0.49973944762897343 0.9558404558404558 0.06565919749869724 0.08641975308641975
5 0.9614382490880667 0.06647673314339982 0.0760812923397603 0.13295346628679963
3 0.8910891089108911 0.21652421652421652 0.06774361646690985 0.13105413105413105
0 0.4585721730067744 0.46961063627730293 0.034392912975508075 0.057929724596391265
1 0.9619593538301199 0.5906932573599241 0.04064616988014591 0.5565052231718899
0 0.31891610213652943 0.644349477682811 0.02918186555497655 0.05982905982905983
0 0.23970818134445024 0.8665716999050332 0.034392912975508075 0.050332383665717
0 0.39942678478374155 0.5299145299145299 0.03804064616988015 0.06457739791073125
0 0.3043251693590412 0.26258309591642925 0.034392912975508075 0.06932573599240266
0 0.35409067222511725 0.8817663817663818 0.03908285565398645 0.06742640075973409
0 0.3963001563314226 0.7037037037037037 0.03699843668577384 0.060778727445394115
0 0.17873892652423137 0.9102564102564102 0.034392912975508075 0.06552706552706553
0 0.32464825429911415 0.7962962962962963 0.03751954142782699 0.06172839506172839
6 0.14903595622720167 0.8205128205128205 0.03230849400729546 0.05318138651471985
0 0.7373632100052111 0.8228869895536562 0.02918186555497655 0.05413105413105413
0 0.7269411151641479 0.7716049382716049 0.03647733194372069 0.04653371320037987
2 0.15263314226159458 0.8192307692307692 0.1810844189682126 0.8601006647673315 0.2547232933819698 0.8777910731244064 0.2547232933819698 0.8906011396011396 0.1837618551328817 0.8741310541310542 0.17740229286086504 0.9711206077872745 0.16803022407503906 0.9680712250712251 0.1770677436164669 0.8729107312440645 0.14761229807191245 0.82838081671415